80
60
jardinsChateau.png
1142,1142,643,644,645,646,647,648,639,640,641,642,643,644,645,646,647,648,639,640,641,642,643,644,645,646,647,648,639,640,641,642,643,644,645,646,647,648,639,640,641,642,643,644,645,646,647,648,639,640,641,642,643,644,645,646,647,648,639,640,641,642,643,644,645,646,647,648,639,640,641,642,643,644,645,646,647,648,1142,1142,
1142,1142,703,704,705,706,707,708,699,700,701,702,703,704,705,706,707,708,699,700,701,702,703,704,705,706,707,708,699,700,701,702,703,704,705,706,707,708,699,700,701,702,703,704,705,706,707,708,699,700,701,702,703,704,705,706,707,708,699,700,701,702,703,704,705,706,707,708,699,700,701,702,703,704,705,706,707,708,1142,1142,
1142,1142,763,764,765,766,767,768,759,760,761,762,763,764,765,766,767,768,759,760,761,762,763,764,765,766,767,768,759,760,761,762,763,764,765,766,767,768,759,760,761,762,763,764,765,766,767,768,759,760,761,762,763,764,765,766,767,768,759,760,761,762,763,764,765,766,767,768,759,760,761,762,763,764,765,766,767,768,1142,1142,
1142,1142,823,824,825,826,827,828,819,820,821,822,823,824,825,826,827,828,819,820,821,822,823,824,825,826,827,828,819,820,821,822,823,824,825,826,827,828,1168,1169,1170,1171,823,824,825,826,827,828,819,820,821,822,823,824,825,826,827,828,819,820,821,822,823,824,825,826,827,828,819,820,821,822,823,824,825,826,827,828,1142,1142,
1142,1142,883,884,885,886,887,888,879,880,881,882,883,884,885,886,887,888,879,880,881,882,883,884,885,886,887,888,879,880,881,882,883,884,885,886,887,888,1228,1229,1230,1231,883,884,885,886,887,888,879,880,881,882,883,884,885,886,887,888,879,880,881,882,883,884,885,886,887,888,879,880,881,882,883,884,885,886,887,888,1142,1142,
1142,1142,943,944,945,946,947,948,939,940,941,942,943,944,945,946,947,948,939,940,941,942,943,944,945,946,947,948,939,940,941,942,943,944,945,946,947,948,1288,1289,1290,1291,943,944,945,946,947,948,939,940,941,942,943,944,945,946,947,948,939,940,941,942,943,944,945,946,947,948,939,940,941,942,943,944,945,946,947,948,1142,1142,
1142,1142,1142,1142,1142,1142,1142,1142,1835,1836,1715,1716,1142,1142,1142,1142,1142,1142,1835,1836,1715,1716,1142,1142,1142,1142,1142,1142,1142,1142,1142,1142,1142,1142,1142,1142,1142,1142,1348,1349,1350,1351,1142,1142,1142,1142,1142,1142,1142,1142,1142,1142,1142,1142,1142,1142,1142,1142,1835,1836,1715,1716,1142,1142,1142,1142,1142,1142,1835,1836,1715,1716,1142,1142,1142,1142,1142,1142,1142,1142,
1142,1142,1142,1142,1142,1142,1142,1142,1895,1896,1775,1776,1142,1142,1205,1142,1142,1142,1895,1896,1775,1776,1142,1142,1142,1142,1142,1142,1142,1142,1142,1142,1142,1142,456,1405,1406,1407,1408,1409,1410,1411,1412,1413,1414,1415,1142,1142,1142,1142,1142,1142,1142,1142,1142,1142,1142,1142,1895,1896,1775,1776,1142,1142,1142,1142,1142,1142,1895,1896,1775,1776,1142,1142,1142,1142,1142,1142,1142,1142,
1142,1142,1142,1142,1142,1142,1142,1142,1142,1142,1142,1142,1142,1142,1142,1142,1142,1142,1142,1142,1142,1142,1142,1142,1142,1142,1142,1142,1142,1142,1142,1142,1142,1142,516,1465,1466,1467,1468,1469,1470,1471,1472,1473,1474,1475,1142,1142,1142,1142,1142,1142,1142,1142,1142,1142,1142,1142,1142,1142,1142,1142,1142,1142,1142,1142,1142,1142,1142,1142,1142,1142,1142,1142,1142,1142,1142,1142,1142,1142,
1142,1142,1142,1142,1142,1142,1142,1142,1142,1142,1142,1142,1142,1142,1142,1142,1142,1142,1142,1142,1142,1142,1142,1142,1142,1142,1142,1142,1142,1142,1142,1142,1142,1142,576,1525,1526,1527,1528,1529,1530,1531,1532,1533,1534,1535,1142,1142,1142,1142,1142,1142,1142,1142,1142,1142,1142,1142,1142,1142,1142,1142,1142,1142,1142,1142,1142,1142,1142,1205,1142,1142,1142,1142,1142,1205,1142,1142,1142,1142,
1142,1142,1142,1142,1142,1142,1142,1142,1142,1142,1142,1142,1142,1142,1142,1142,1142,1142,1142,1142,1142,1142,1142,1142,1142,1142,1142,1142,1142,1142,1142,1142,1142,1142,1142,1142,1142,1142,613,614,615,616,1142,1142,1142,1142,1142,1142,1142,1142,1142,1142,1142,1142,1142,1142,1142,1142,1142,1205,1142,1142,1142,1142,1142,1142,1142,1142,1142,1142,1142,1142,1142,1142,1142,1142,1142,1142,1142,1142,
1142,1142,1142,1142,1142,1142,1205,1142,1142,1142,1142,1142,1142,1142,1142,1142,1142,1142,1142,1142,1142,1142,1142,1142,1142,1142,1142,1142,1142,1142,1142,1142,1142,1142,1142,1142,1142,1142,673,674,675,676,1142,1142,1142,1205,1142,1142,1142,1142,1142,1142,1142,1142,1142,1142,1142,1142,1142,1142,1142,1142,1142,1142,1142,1142,1142,1142,1142,1142,1142,1142,1142,1142,1142,1142,1142,1142,1142,1142,
1142,1142,1142,1142,1142,1142,1142,1142,1142,1142,1142,1142,1142,1142,1142,1142,1142,1142,1142,1142,1142,1142,1205,1142,1142,1142,1142,1142,1142,1142,1142,1142,1142,1142,1142,1142,1142,1142,733,734,735,736,1142,1142,1142,1142,1142,1142,1142,1142,1142,1142,1142,1142,1142,1142,1142,1142,1142,1142,1142,1142,1142,1142,1142,1142,1142,1142,1142,1142,1142,1142,1142,1142,1142,1142,1142,1142,1142,1142,
1142,1142,1142,1142,1142,1142,1142,1142,1142,1142,1142,1142,1142,1142,1142,1142,1142,1205,1142,1142,1142,1142,1142,1142,1142,1142,1142,1142,1142,1142,1142,1142,1142,1142,1142,1142,1142,1142,793,794,795,796,1142,1142,1142,1205,1142,1142,1142,1142,1142,1142,1142,1142,1142,1142,1142,1142,1142,1142,1142,1142,1142,1142,1142,1142,1142,1142,1142,1142,1142,1205,1142,1142,1142,1142,1142,1142,1142,1142,
1142,1142,1142,1142,1142,1142,1142,1142,1142,1142,1205,1142,1142,1142,1142,1142,1142,1142,1142,1142,1142,1142,1142,1142,1142,1142,1142,1142,1142,1142,1142,1142,1142,1142,1205,1142,1142,1142,853,854,855,856,1142,1142,1142,1142,1142,1142,1142,1142,1142,1142,1142,1142,1142,1142,1142,1142,1142,1142,1142,1142,1142,1142,1142,1142,1142,1142,1142,1142,1142,1142,1142,1142,1142,1142,1142,1142,1142,1142,
1142,1142,1142,1142,1142,1142,1142,1142,1142,1142,1142,1142,1142,1142,1142,1142,1142,1142,1142,1142,1142,1142,1142,1142,1142,1142,1142,1142,1142,1142,1142,1142,1142,1142,1142,1142,1142,1142,913,914,915,916,1142,1142,1142,1142,1142,1142,1142,1142,1142,1142,1142,1205,1142,1142,1142,1142,1142,1142,1142,1142,1142,1142,1142,1205,1142,1142,1142,1142,1142,1142,1142,1142,1142,1142,1142,1142,1142,1142,
1142,1142,1142,1142,1142,1142,1142,1142,1142,1142,1142,1142,1142,1142,1142,1142,1142,1142,1142,1142,1142,1142,1142,1142,1142,1142,1142,1142,1142,1142,1142,1142,1142,1142,1142,1142,1142,1142,613,614,615,616,1142,1142,1142,1142,1142,1142,1142,1142,1142,1142,1142,1142,1142,1142,1142,1142,1142,1142,1142,1142,1142,1142,1142,1142,1142,1142,1142,1142,1142,1142,1142,1142,1142,1142,1142,1142,1142,1142,
1142,1142,1142,1142,1142,1142,1142,1142,1142,1142,1142,1142,1142,1142,1142,1142,1142,1142,1142,1142,1142,1142,1142,1142,1142,1142,1142,1142,1142,1142,1142,1142,1142,1142,1142,1142,1142,1142,673,674,675,676,1142,1142,1142,1142,1142,1142,1142,1142,1142,1142,1142,1142,1142,1142,1142,1142,1142,1142,1142,1142,1142,1142,1142,1142,1142,1142,1142,1142,1142,1142,1142,1142,1142,1142,1142,1142,1142,1142,
1142,1142,1142,1142,1142,1142,1142,1142,1142,1142,1142,1142,1142,1142,1142,1142,1205,1142,1142,1142,1142,1142,1142,1142,1142,1205,1142,1142,1142,1142,1142,1142,1142,1142,1142,1142,1142,1142,733,734,735,736,1142,1142,1142,1142,1142,1142,1142,1142,1142,1142,1142,1142,1142,1142,1142,1142,1142,1142,1142,1142,1142,1142,1142,1142,1142,1142,1142,1142,1142,1142,1142,1142,1142,1142,1142,1142,1142,1142,
1142,1142,1142,1142,1142,1142,1142,1142,1142,1142,1142,1205,1142,1142,1142,1142,1142,1142,1142,1142,1142,1142,1142,1142,1142,1142,1142,1142,1142,1142,1142,1142,1142,1142,1142,1205,1142,1142,793,794,795,796,1142,1142,1142,1142,1142,1142,1142,1142,1142,1142,1142,1142,1142,1142,1142,1142,1142,1142,1142,1142,1142,1142,1142,1142,1142,1142,1142,1142,1142,1142,1142,1142,1142,1142,1142,1142,1142,1142,
1142,1142,1142,1142,1142,1142,1142,1142,1142,1142,1142,1142,1142,1142,1142,1142,1142,1142,1142,1142,1142,1142,1142,1142,1142,1142,1142,1142,1142,1142,1142,1142,1142,1142,1142,1142,1142,1142,853,854,855,856,1142,1142,1205,1205,1142,1142,1142,1142,1142,1205,1142,1142,1142,1142,1142,1142,1205,1142,1142,1142,1142,1142,1142,1142,1142,1142,1142,1142,1142,1142,1142,1205,1142,1142,1142,1142,1142,1142,
1142,1142,1142,1142,1142,1142,1205,1142,1142,1142,1142,1142,1142,1142,1142,1142,1142,1142,1142,1142,1142,1142,1142,1142,1142,1142,1142,1142,1142,1142,1142,1142,1142,1142,1142,1142,1142,1142,613,614,615,616,1142,1142,1142,1142,1142,1142,1142,1142,1142,1142,1142,1142,1142,1142,1142,1142,1142,1142,1142,1142,1142,1142,1142,1205,1142,1142,1142,1142,1142,1142,1142,1142,1142,1142,1142,1142,1142,1142,
1142,1142,1142,1142,1142,1142,1142,1142,1142,1142,1142,1142,1142,1142,1142,1142,1142,1142,1142,1142,1142,1142,1142,1142,1142,1142,1142,1142,1205,1142,1142,1142,1142,1142,1142,1142,1142,1142,673,674,675,676,1142,1142,1142,1142,1142,1142,1142,1142,1142,1142,1142,1142,1142,1142,1142,1142,1142,1142,1142,1142,1142,1142,1142,1142,1142,1142,1142,1142,1142,1142,1142,1142,1142,1142,1142,1142,1142,1142,
1142,1142,1142,1142,1142,1142,1142,1142,1142,1142,1142,1142,1142,1142,1142,1142,1142,1142,1142,1142,1142,1142,1142,1142,1142,1142,1142,1142,1142,1142,1142,1142,1142,1142,1142,1142,1142,1142,733,734,735,736,1142,1142,1142,1142,1142,1205,1142,1142,1142,1142,1142,1142,1142,1142,1205,1142,1142,1142,1142,1142,1142,1142,1142,1142,1142,1142,1142,1142,1142,1142,1142,1142,1142,1142,1142,1142,1142,1142,
1142,1142,1142,1142,1142,1142,1142,1142,1142,1142,1142,1142,1142,1142,1142,1142,1142,1142,1142,1142,1205,1142,1142,1142,1142,1142,1142,1142,1142,1142,1142,1142,1142,1142,1142,1205,1142,1142,793,794,795,796,1142,1142,1142,1142,1142,1142,1142,1142,1142,1142,1142,1142,1142,1142,1142,1142,1142,1142,1142,1142,1142,1142,1142,1142,1142,1142,1142,1142,1142,1142,1142,1142,1142,1142,1142,1142,1142,1142,
1142,1142,1142,1142,1142,1142,1142,1142,1142,1142,1142,1142,1142,1142,1142,1142,1142,1142,1142,1142,1142,1142,1142,1142,1142,1142,1142,1142,1142,1142,1142,1142,1142,1142,1205,1142,1142,1142,853,854,855,856,1142,1142,1142,1142,1142,1142,1142,1142,1142,1142,1142,1142,1142,1142,1142,1142,1142,1142,1142,1142,1142,1142,1142,1142,1142,1142,1142,1142,1142,1142,1142,1142,1142,1142,1142,1142,1142,1142,
1142,1142,1142,1142,1142,1142,1142,1142,1142,1142,1142,1142,1142,1142,1142,1142,1142,1142,1142,1142,1142,1142,1142,1142,1142,1142,1205,1142,1142,1142,1142,1142,1142,1142,1142,1142,1142,1142,913,914,915,916,1142,1142,1142,1142,1142,1142,1142,1142,1142,1142,1142,1142,1142,1142,1142,1142,1142,1142,1142,1142,1142,1142,1142,1142,1142,1142,1142,1142,1142,1142,1142,1142,1142,1142,1142,1142,1142,1142,
1142,1142,1142,1142,1142,1142,1142,1142,1142,1142,1142,1142,1205,1142,1142,1142,1142,1142,1142,1142,1142,1142,1142,1142,1142,1142,1142,1142,1142,1142,1142,1142,1142,1142,1142,1142,1142,1142,613,614,615,616,1205,1142,1142,1142,1142,1142,1142,1142,1142,1142,1142,1205,1142,1142,1142,1142,1142,1142,1142,1142,1142,1142,1142,1142,1142,1142,1142,1142,1205,1142,1142,1142,1142,1142,1142,1142,1142,1142,
1142,1142,1142,1142,1142,1142,1142,1142,1142,1142,1142,1142,1142,1142,1142,1142,1142,1142,1142,1142,1142,1142,1142,1142,1142,1142,1142,1142,1142,1142,1142,1142,1142,1142,1142,1142,1142,1142,673,674,675,676,1142,1142,1142,1142,1205,1142,1142,1142,1142,1142,1142,1142,1142,1142,1142,1205,1142,1142,1142,1142,1205,1142,1142,1142,1142,1142,1142,1142,1142,1142,1142,1142,1142,1142,1142,1142,1142,1142,
1142,1142,1142,1142,1142,1142,1142,1142,1142,1142,1142,1142,1142,1142,1142,1142,1142,1142,1142,1142,1142,1142,1142,1142,1142,1142,1142,1142,1142,1142,1142,1142,1142,1142,1142,1142,1142,1142,733,734,735,736,1142,1142,1142,1142,1142,1142,1142,1142,1142,1142,1142,1142,1142,1142,1142,1142,1142,1142,1142,1142,1142,1142,1142,1142,1142,1142,1142,1142,1142,1142,1142,1142,1142,1142,1142,1142,1142,1142,
1142,1142,1142,1142,1142,1142,1142,1142,1142,1142,1142,1142,1142,1142,1142,1142,1142,1142,1142,1142,1142,1142,1142,1142,1142,1142,1142,1142,1142,1142,1142,1142,1142,1142,1142,1142,1142,1142,793,794,795,796,1142,1142,1205,1142,1142,1142,1142,1142,1142,1142,1142,1142,1142,1142,1142,1142,1142,1142,1142,1142,1142,1142,1142,1142,1142,1142,1142,1142,1142,1142,1142,1142,1142,1142,1142,1142,1142,1142,
1142,1142,1142,1142,1142,1142,1205,1142,1142,1142,1142,1142,1142,1142,1142,1142,1142,1142,1142,1142,1142,1142,1142,1142,1142,1142,1142,1142,1142,1142,1142,1142,1142,1142,1142,1142,1142,1142,853,854,855,856,1142,1142,1142,1142,1142,1142,1142,1142,1142,1142,1142,1142,1142,1142,1142,1142,1142,1142,1142,1142,1142,1142,1142,1142,1205,1142,1142,1142,1142,1142,1142,1142,1142,1142,1142,1142,1142,1142,
1142,1142,1142,1142,1142,1142,1142,1142,1142,1142,1142,1142,1142,1142,1142,1142,1205,1142,1142,1142,1142,1142,1142,1142,1142,1142,1142,1142,1142,1205,1142,1142,1142,1142,1142,1142,1142,1142,913,914,915,916,1205,1142,1142,1142,1142,1142,1142,1142,1142,1142,1142,1142,1142,1142,1142,1142,1142,1142,1142,1142,1142,1142,1142,1142,1142,1142,1142,1142,1142,1142,1142,1205,1142,1142,1142,1142,1142,1142,
1142,1142,1142,1142,1142,1142,1142,1142,1142,1142,1142,1142,1142,1142,1142,1142,1142,1142,1142,1142,1142,1142,1142,1142,1142,1142,1142,1142,1142,1205,1142,1142,1142,1142,1142,1142,1142,1142,613,614,615,616,1142,1142,1142,1142,1142,1142,1142,1142,1142,1142,1142,1205,1142,1142,1142,1142,1142,1142,1142,1142,1142,1142,1142,1142,1142,1142,1142,1142,1142,1142,1142,1142,1142,1142,1142,1142,1142,1142,
1142,1142,1142,1142,1142,1142,1142,1142,1142,1142,1142,1142,1142,1142,1142,1142,1142,1142,1142,1142,1142,1142,1142,1205,1142,1142,1142,1142,1142,1142,1142,1205,1142,1142,1142,1142,1205,1142,673,674,675,676,1142,1142,1142,1142,1142,1142,1205,1142,1142,1142,1142,1205,1142,1142,1142,1205,1142,1142,1142,1142,1142,1142,1142,1142,1142,1142,1142,1142,1142,1142,1142,1142,1142,1142,1142,1142,1142,1142,
1142,1142,1142,1142,1142,1142,1142,1142,1142,1142,1142,1142,1142,1142,1142,1142,1142,1142,1142,1142,1142,1142,1142,1142,1142,1142,1142,1142,1142,1142,1142,1142,1142,1142,1142,1142,1142,1142,733,734,735,736,1142,1142,1142,1142,1142,1142,1142,1142,1142,1142,1142,1142,1142,1142,1142,1142,1142,1142,1142,1142,1142,1142,1142,1142,1142,1142,1142,1142,1142,1142,1142,1142,1142,1142,1142,1142,1142,1142,
1142,1142,1142,1142,1142,1142,1142,1142,1205,1142,1142,1142,1142,1142,1142,1142,1142,1142,1142,1142,1142,1142,1142,1142,1142,1142,1142,1142,1142,1142,1142,1142,1142,1142,1142,1142,1142,1142,793,794,795,796,1142,1142,1142,1142,1142,1142,1142,1142,1142,1142,1142,1142,1142,1142,1142,1142,1142,1142,1142,1142,1142,1142,1142,1142,1142,1142,1142,1142,1142,1142,1142,1142,1142,1142,1142,1142,1142,1142,
1142,1142,1142,1142,1142,1142,1142,1142,1142,1142,1142,1142,1142,1142,1142,1142,1142,1142,1142,1142,1142,1142,1142,1142,1142,1142,1142,1142,1142,1142,1142,1142,1142,1142,1142,1142,1142,1142,853,854,855,856,1142,1205,1142,1142,1142,1142,1142,1142,1142,1142,1142,1142,1142,1142,1142,1142,1142,1142,1142,1142,1142,1142,1142,1142,1142,1142,1142,1142,1142,1142,1142,1142,1142,1142,1142,1142,1142,1142,
1142,1142,1142,1142,1142,1142,1142,1142,1142,1142,1142,1142,1142,1142,1142,1142,1142,1142,1142,1142,1142,1142,1142,1142,1142,1142,1142,1142,1142,1142,1142,1142,1142,1142,1142,1142,1142,1142,913,914,915,916,1142,1142,1142,1142,1142,1142,1142,1142,1142,1205,1142,1142,1142,1142,1142,1142,1142,1142,1142,1142,1142,1142,1142,1142,1142,1142,1142,1205,1205,1142,1142,1142,1205,1142,1142,1142,1142,1142,
1142,1142,1142,1142,1142,1142,1142,1142,1142,1142,1142,1142,1142,1142,1142,1142,1142,1142,1142,1142,1142,1142,1142,1142,1142,1142,1142,1205,1142,1142,1142,1142,1142,1142,1142,1142,1142,1142,613,614,615,616,1142,1142,1142,1142,1142,1142,1142,1142,1142,1142,1142,1142,1142,1142,1142,1142,1142,1142,1142,1205,1142,1142,1142,1142,1142,1142,1142,1142,1142,1142,1142,1142,1142,1142,1142,1142,1142,1142,
1142,1142,1142,1142,1142,1142,1142,1142,1142,1142,1142,1142,1142,1142,1142,1205,1142,1142,1142,1142,1142,1142,1142,1205,1142,1142,1142,1142,1142,1142,1142,1142,1142,1142,1142,1142,1142,1142,673,674,675,676,1142,1205,1142,1142,1142,1142,1142,1142,1142,1142,1142,1142,1142,1142,1142,1205,1142,1142,1142,1142,1142,1142,1142,1142,1142,1142,1142,1142,1142,1142,1142,1142,1142,1142,1142,1142,1142,1142,
1142,1142,1142,1142,1142,1142,1142,1142,1142,1142,1142,1142,1142,1142,1142,1142,1142,1142,1142,1142,1142,1142,1142,1142,1142,1142,1142,1142,1142,1142,1142,1205,1142,1142,1142,1142,1142,1142,733,734,735,736,1142,1142,1142,1142,1142,1142,1142,1142,1142,1142,1142,1142,1142,1142,1142,1142,1142,1142,1142,1142,1142,1142,1142,1142,1142,1142,1142,1142,1142,1142,1142,1142,1142,1142,1142,1142,1142,1142,
1142,1142,1142,1142,1142,1142,1142,1142,1142,1142,1142,1142,1142,1142,1142,1142,1142,1142,1142,1142,1142,1142,1142,1142,1142,1142,1142,1142,1142,1142,1142,1142,1142,1142,1142,1142,1142,1142,793,794,795,796,1142,1142,1142,1205,1142,1142,1142,1142,1142,1142,1142,1142,1142,1142,1142,1142,1142,1142,1142,1142,1142,1142,1142,1142,1142,1142,1142,1142,1142,1142,1142,1142,1142,1142,1142,1142,1142,1142,
1142,1142,1142,1142,1142,1142,1142,1142,1142,1142,1142,1142,1142,1142,1142,1142,1142,1142,1142,1142,1142,1142,1142,1142,1142,1142,1142,1142,1142,1142,1142,1142,1142,1142,1142,1142,1205,1142,853,854,855,856,1142,1142,1142,1142,1142,1142,1142,1142,1142,1142,1142,1142,1142,1142,1142,1142,1142,1142,1142,1142,1142,1142,1142,1142,1142,1142,1142,1142,1142,1142,1142,1142,1142,1142,1142,1142,1142,1142,
1142,1142,1142,1142,1142,1142,1142,1142,1142,1142,1142,1142,1142,1142,1142,1142,1142,1142,1142,1142,1142,1142,1142,1142,1142,1142,1142,1142,1142,1142,1142,1142,1142,1142,1142,1142,1205,1142,913,914,915,916,1142,1142,1142,1142,1142,1142,1142,1142,1142,1142,1142,1142,1205,1142,1142,1142,1142,1142,1142,1142,1142,1205,1142,1142,1142,1142,1142,1142,1142,1142,1142,1142,1142,1142,1142,1142,1142,1142,
1142,1142,1142,1142,1142,1142,1142,1142,1142,1142,1142,1142,1142,1142,1142,1142,1142,1142,1142,1142,1142,1142,1142,1142,1142,1142,1142,1142,1142,1142,1142,1142,1142,1142,1142,1142,1142,1142,613,614,615,616,1142,1142,1142,1142,1142,1142,1142,1142,1142,1142,1142,1142,1205,1142,1142,1142,1142,1142,1142,1142,1142,1142,1142,1142,1142,1142,1205,1142,1142,1142,1142,1142,1142,1142,1142,1142,1142,1142,
1142,1142,1142,1142,1142,1142,1142,1142,1142,1205,1142,1142,1142,1142,1142,1142,1142,1142,1142,1142,1142,1142,1142,1142,1142,1142,1142,1142,1142,1142,1142,1142,1142,1142,1142,1142,1142,1142,673,674,675,676,1142,1142,1142,1142,1142,1142,1142,1142,1142,1142,1142,1142,1142,1142,1142,1142,1142,1142,1142,1142,1142,1142,1142,1142,1142,1142,1142,1142,1142,1142,1142,1205,1142,1142,1142,1142,1142,1142,
1142,1142,1142,1142,1142,1142,1142,1142,1142,1142,1142,1142,1142,1142,1142,1142,1142,1142,1142,1142,1142,1142,1205,1142,1142,1142,1142,1142,1142,1142,1142,1205,1142,1142,1142,1142,1142,1142,733,734,735,736,1142,1142,1142,1142,1142,1142,1205,1142,1142,1142,1142,1142,1142,1142,1142,1142,1142,1142,1142,1142,1142,1142,1142,1142,1142,1142,1142,1142,1142,1142,1142,1142,1142,1142,1142,1142,1142,1142,
1142,1142,1142,1142,1142,1142,1142,1142,1142,1142,1142,1142,1142,1142,1142,1142,1142,1142,1142,1142,1142,1142,1142,1142,1142,1142,1142,1142,1142,1142,1142,1142,1142,1142,1142,1142,1142,1142,793,794,795,796,1142,1142,1142,1205,1142,1142,1205,1142,1142,1205,1142,1142,1142,1142,1142,1142,1142,1142,1205,1142,1142,1142,1142,1142,1142,1142,1142,1142,1142,1142,1142,1142,1142,1142,1142,1142,1142,1142,
1142,1142,1142,1205,1142,1142,1142,1142,1142,1142,1142,1142,1142,1142,1142,1142,1142,1142,1142,1142,1142,1142,1142,1142,1142,1142,1142,1142,1142,1142,1142,1142,1142,1142,1205,1142,1142,1142,613,614,615,616,1142,1142,1142,1142,1142,1142,1142,1142,1142,1142,1142,1142,1142,1142,1142,1142,1142,1142,1142,1142,1142,1142,1142,1142,1142,1142,1142,1142,1142,1142,1142,1142,1142,1142,1142,1142,1142,1142,
1142,1142,1142,1142,1142,1142,1142,1142,1142,1142,1142,1142,1142,1142,1142,1142,1142,1142,1142,1205,1142,1142,1142,1142,1142,1142,1142,1142,1142,1142,1142,1142,1142,1205,1142,1142,1142,1142,673,674,675,676,1142,1142,1142,1142,1142,1142,1142,1142,1142,1142,1142,1142,1142,1142,1142,1142,1142,1142,1142,1142,1142,1142,1142,1142,1142,1142,1142,1142,1142,1142,1142,1142,1142,1142,1142,1142,1142,1142,
1142,1142,1142,1142,1142,1142,1142,1142,1142,1142,1142,1142,1142,1142,1142,1142,1142,1142,1142,1142,1142,1142,1142,1142,1142,1142,1142,1142,1142,1142,1142,1142,1142,1142,1142,1142,1142,1142,733,734,735,736,1142,1142,1142,1142,1142,1142,1142,1142,1142,1142,1142,1142,1142,1142,1205,1142,1142,1142,1142,1142,1142,1142,1142,1142,1142,1142,1142,1142,1142,1142,1142,1142,1142,1142,1142,1142,1142,1142,
1142,1142,1142,1142,1142,1142,1142,1142,1142,1142,1142,1142,1142,1142,1142,1142,1142,1142,1142,1142,1142,1142,1142,1142,1142,1142,1142,1142,1142,1142,1142,1142,1142,1142,1142,1142,1142,1142,793,794,795,796,1142,1142,1142,1142,1142,1142,1142,1142,1205,1142,1142,1142,1142,1142,1142,1142,1142,1142,1142,1142,1142,1142,1142,1142,1142,1205,1142,1142,1142,1142,1142,1142,1142,1142,1142,1142,1142,1142,
1142,1142,1142,1142,1142,1142,1142,1142,1142,1142,1142,1142,1142,1142,1142,1142,1142,1142,1142,1142,1142,1142,1142,1142,1142,1205,1142,1142,1142,1142,1142,1142,1142,1142,1142,1142,1142,1142,853,854,855,856,1142,1142,1142,1205,1142,1142,1142,1142,1142,1142,1142,1142,1142,1142,1142,1142,1142,1142,1142,1142,1142,1142,1142,1142,1205,1142,1142,1142,1142,1142,1142,1142,1142,1142,1142,1142,1142,1142,
1142,1142,1142,1142,1142,1142,1142,1142,1142,1142,1142,1142,1142,1142,1142,1142,1142,1142,1142,1142,1142,1142,1142,1142,1142,1142,1142,1142,1142,1142,1142,1142,1205,1142,1142,1142,1142,1142,913,914,915,916,1142,1142,1142,1142,1142,1142,1142,1142,1142,1142,1142,1142,1142,1142,1142,1142,1142,1142,1142,1142,1142,1142,1142,1142,1142,1142,1142,1142,1142,1142,1142,1142,1142,1142,1142,1142,1142,1142,
1142,1142,1142,1142,1142,1142,1142,1142,1142,1142,1142,1205,1142,1142,1142,1142,1142,1142,1142,1142,1142,1142,1142,1142,1142,1142,1142,1142,1142,1142,1142,1142,1142,1142,1142,1142,1142,1142,853,854,855,856,1142,1142,1142,1142,1142,1142,1142,1142,1142,1142,1205,1142,1142,1142,1142,1142,1142,1142,1142,1205,1142,1142,1142,1142,1142,1142,1142,1142,1142,1142,1142,1142,1142,1142,1142,1142,1142,1142,
1142,1142,1142,1142,1142,1142,1142,1142,1142,1142,1142,1142,1142,1142,1142,1142,1142,1142,1142,1142,1142,1142,1142,1142,1142,1142,1142,1142,1142,1142,1142,1142,1142,1142,1142,1142,1142,1142,913,914,915,916,1142,1142,1142,1142,1142,1142,1142,1142,1142,1142,1142,1142,1142,1142,1142,1142,1142,1142,1142,1142,1142,1142,1142,1142,1142,1142,1142,1142,1142,1142,1142,1142,1142,1142,1142,1142,1142,1142,
1142,1142,1142,1142,1142,1142,1142,1142,1142,1142,1142,1142,1142,1142,1142,1142,1142,1142,1142,1142,1142,1142,1142,1142,1142,1142,1142,1142,1142,1142,1142,1142,1142,1142,1142,1142,1142,1142,853,854,855,856,1142,1142,1142,1142,1142,1142,1142,1142,1142,1142,1142,1142,1142,1142,1142,1142,1142,1142,1142,1142,1142,1142,1142,1142,1142,1142,1142,1142,1142,1142,1205,1142,1142,1142,1142,1142,1142,1142,
1142,1142,1142,1142,1142,1142,1142,1142,1142,1142,1142,1142,1142,1142,1142,1142,1142,1142,1142,1142,1142,1142,1142,1142,1142,1142,1142,1142,1142,1142,1142,1142,1142,1142,1142,1142,1142,1142,1709,1710,1713,1714,1709,1710,1142,1142,1142,1142,1142,1142,1142,1142,1142,1142,1142,1142,1142,1142,1142,1142,1142,1142,1142,1142,1142,1142,1142,1142,1142,1142,1142,1142,1142,1142,1142,1142,1142,1142,1142,1142,
1142,1142,1142,1142,1142,1142,1142,1142,1142,1142,1142,1142,1142,1142,1142,1142,1142,1142,1142,1142,1142,1142,1142,1142,1142,1142,1142,1142,1142,1142,1142,1142,1142,1142,1142,1142,1142,1142,1769,1770,1773,1774,1769,1770,1142,1142,1142,1142,1142,1142,1142,1142,1142,1142,1142,1142,1142,1142,1142,1142,1142,1142,1142,1142,1142,1142,1142,1142,1142,1142,1142,1142,1142,1142,1142,1142,1142,1142,1142,1142
633,634,643,644,645,646,647,648,639,640,641,642,643,644,645,646,647,648,639,640,641,642,643,37,38,39,40,41,42,43,44,45,46,35,36,985,986,987,988,989,990,991,992,993,994,995,996,39,40,41,42,43,44,45,46,47,48,648,639,640,641,642,643,644,645,646,647,648,639,640,641,642,643,644,645,646,647,648,629,630,
633,634,703,704,705,706,707,708,699,700,701,702,703,704,705,706,707,708,699,700,701,702,703,97,98,99,100,101,102,103,104,105,106,95,96,1045,1046,1047,1048,1049,1050,1051,1052,1053,1054,1055,1056,99,100,101,102,103,104,105,106,107,108,708,699,700,701,702,703,704,705,706,707,708,699,700,701,702,703,704,705,706,707,708,629,630,
633,634,763,764,765,766,767,768,759,760,761,762,763,764,765,766,767,768,759,760,761,762,763,157,158,159,160,161,162,163,164,165,166,155,156,1105,1106,1107,1108,1109,1110,1111,1112,1113,1114,1115,1116,159,160,161,162,163,164,165,166,167,168,768,759,760,761,762,763,764,765,766,767,768,759,760,761,762,763,764,765,766,767,768,629,630,
633,634,823,824,825,826,827,828,819,820,821,822,823,824,825,826,827,828,819,820,821,822,823,217,218,219,220,221,222,223,224,225,226,215,216,1165,1166,1167,0,0,0,0,1172,1173,1174,1175,1176,219,220,221,222,223,224,225,226,227,228,828,819,820,821,822,823,824,825,826,827,828,819,820,821,822,823,824,825,826,827,828,629,630,
633,634,883,884,885,886,887,888,879,880,881,882,883,884,885,886,887,888,879,880,881,882,883,277,278,279,280,281,282,283,284,285,286,275,276,1225,1226,1227,0,0,0,0,1232,1233,1234,1235,1236,279,280,281,282,283,284,285,286,287,288,888,879,880,881,882,883,884,885,886,887,888,879,880,881,882,883,884,885,886,887,888,629,630,
633,634,943,944,945,946,947,948,939,940,941,942,943,944,945,946,947,948,939,940,941,942,943,337,338,339,340,341,342,343,344,345,346,335,336,1285,1286,1287,0,0,0,0,1292,1293,1294,1295,1296,339,340,341,342,343,344,345,346,347,348,948,939,940,941,942,943,944,945,946,947,948,939,940,941,942,943,944,945,946,947,948,629,630,
633,634,0,0,0,0,0,0,0,0,0,0,0,0,0,0,0,0,0,0,0,0,0,397,398,399,400,401,402,403,404,405,406,395,396,1345,1346,1347,0,0,0,0,1352,1353,1354,1355,1356,399,400,401,402,403,404,405,406,407,408,0,0,0,0,0,0,0,0,0,0,0,0,0,0,0,0,0,0,0,0,0,629,630,
633,634,0,0,0,0,0,0,0,0,0,0,0,0,0,0,0,0,0,0,0,0,0,457,458,459,460,461,462,463,464,465,466,455,0,0,0,0,0,0,0,0,0,0,0,0,1416,459,460,461,462,463,464,465,466,467,468,0,0,0,0,0,0,0,0,0,0,0,0,0,0,0,0,0,0,0,0,0,629,630,
693,694,0,0,0,0,0,0,0,0,0,0,0,0,0,0,0,0,0,0,0,0,0,0,518,519,520,521,522,523,524,525,526,515,0,0,0,0,0,0,0,0,0,0,0,0,1476,519,520,521,522,523,524,525,526,527,0,0,0,0,0,0,0,0,0,0,0,0,0,0,0,0,0,0,0,0,0,0,629,630,
633,634,0,0,0,0,0,0,0,0,0,0,0,0,0,0,0,0,0,0,0,0,0,0,578,579,580,581,582,583,584,585,586,575,0,0,0,0,0,0,0,0,0,0,0,0,1536,579,580,581,582,583,584,585,586,587,0,0,0,0,0,0,0,0,0,0,0,0,0,0,0,0,0,0,0,0,0,0,629,630,
633,634,0,0,0,0,0,0,0,0,0,0,0,0,0,0,0,0,0,0,0,0,0,0,0,1667,1668,1669,1670,1667,1668,1669,1670,0,0,0,0,0,0,0,0,0,0,0,0,0,0,1667,1668,1669,1670,1667,1668,1669,1670,0,0,0,0,0,0,0,0,0,0,0,0,0,0,0,0,0,0,0,0,0,0,0,629,630,
633,634,0,0,0,0,0,0,1238,1239,1240,1241,0,0,0,0,0,0,0,0,0,0,0,0,0,0,0,0,0,0,0,0,0,0,0,0,0,0,0,0,0,0,0,0,0,0,0,0,0,0,0,0,0,0,0,0,0,0,0,0,0,0,0,0,0,0,0,0,1238,1239,1240,1241,0,0,0,0,0,0,629,630,
633,634,0,0,0,0,0,0,1298,1299,1300,1301,0,0,0,0,0,0,0,0,0,0,0,0,0,0,0,0,0,0,0,0,0,0,0,0,0,0,0,0,0,0,0,0,0,0,0,0,0,0,0,0,0,0,0,0,0,0,0,0,0,0,0,0,0,0,0,0,1298,1299,1300,1301,0,0,0,0,0,0,629,630,
633,634,0,0,0,0,0,0,1358,1359,1360,1361,0,0,0,0,0,0,0,0,0,0,0,0,0,0,0,0,0,0,0,0,0,0,0,0,0,0,0,0,0,0,0,0,0,0,0,0,0,0,0,0,0,0,0,0,0,0,0,0,0,0,0,0,0,0,0,0,1358,1359,1360,1361,0,0,0,0,0,0,629,630,
633,634,0,0,0,0,0,0,1418,1419,1420,1421,0,0,0,0,0,0,0,0,0,0,0,0,0,0,0,0,0,0,0,0,0,0,0,0,0,0,0,0,0,0,0,0,0,0,0,0,0,0,0,0,0,0,0,0,0,0,0,0,0,0,0,0,0,0,0,0,1418,1419,1420,1421,0,0,0,0,0,0,629,630,
633,634,0,0,0,0,0,0,1478,1479,1480,1481,0,0,0,0,0,0,0,0,0,0,0,0,0,0,0,0,0,0,0,0,0,0,0,0,0,0,0,0,0,0,0,0,0,0,0,0,0,0,0,0,0,0,0,0,0,0,0,0,0,0,0,0,0,0,0,0,1478,1479,1480,1481,0,0,0,0,0,0,629,630,
633,634,0,0,0,0,0,0,1538,1539,1540,1541,0,0,0,0,0,0,0,0,0,0,0,1238,1239,1240,1241,0,0,0,0,0,0,0,0,0,0,0,0,0,0,0,0,0,0,0,0,0,0,0,0,0,0,1238,1239,1240,1241,0,0,0,0,0,0,0,0,0,0,0,1538,1539,1540,1541,0,0,0,0,0,0,629,630,
633,634,0,0,0,0,0,0,0,0,0,0,0,0,0,0,0,0,0,0,0,0,0,1298,1299,1300,1301,0,0,0,0,0,0,0,0,0,0,0,0,0,0,0,0,0,0,0,0,0,0,0,0,0,0,1298,1299,1300,1301,0,0,0,0,0,0,0,0,0,0,0,0,0,0,0,0,0,0,0,0,0,629,630,
633,634,0,0,0,0,0,0,0,0,0,0,0,0,0,0,0,0,0,0,0,0,0,1358,1359,1360,1361,0,0,0,0,0,0,0,0,0,0,0,0,0,0,0,0,0,0,0,0,0,0,0,0,0,0,1358,1359,1360,1361,0,0,0,0,0,0,0,0,0,0,0,0,0,0,0,0,0,0,0,0,0,629,630,
633,634,0,0,0,0,0,0,0,0,0,0,0,0,0,0,0,0,0,0,0,0,0,1418,1419,1420,1421,0,0,0,0,0,0,0,0,0,0,0,0,0,0,0,0,0,0,0,0,0,0,0,0,0,0,1418,1419,1420,1421,0,0,0,0,0,0,0,0,0,0,0,0,0,0,0,0,0,0,0,0,0,629,630,
633,634,0,0,0,0,0,0,0,0,0,0,0,0,0,0,0,0,0,0,0,0,0,1478,1479,1480,1481,0,0,0,0,0,0,0,0,0,0,0,0,0,0,0,0,0,0,0,0,0,0,0,0,0,0,1478,1479,1480,1481,0,0,0,0,0,0,0,0,0,0,0,0,0,0,0,0,0,0,0,0,0,629,630,
633,634,0,0,0,0,0,0,0,0,0,0,0,0,0,0,0,0,0,0,0,0,0,1538,1539,1540,1541,0,0,0,0,0,0,0,0,0,0,0,0,0,0,0,0,0,0,0,0,0,0,0,0,0,0,1538,1539,1540,1541,0,0,0,0,0,0,0,0,0,0,0,0,0,0,0,0,0,0,0,0,0,629,630,
633,634,0,0,0,0,0,0,0,0,0,0,0,0,0,0,0,0,0,0,0,0,0,0,0,0,0,0,0,0,0,0,0,0,0,0,0,0,0,0,0,0,0,0,0,0,0,0,0,0,0,0,0,0,0,0,0,0,0,0,0,0,0,0,0,0,0,0,0,0,0,0,0,0,0,0,0,0,629,630,
633,634,0,0,0,0,0,0,0,0,0,0,0,0,0,0,0,0,0,0,0,0,0,0,0,0,0,0,0,0,0,0,0,0,0,0,0,0,0,0,0,0,0,0,0,0,0,0,0,0,0,0,0,0,0,0,0,0,0,0,0,0,0,0,0,0,0,0,0,0,0,0,0,0,0,0,0,0,629,630,
633,634,0,0,0,0,0,0,0,0,0,0,0,0,0,0,0,0,0,0,0,0,0,0,0,0,0,0,0,0,0,0,0,0,0,0,0,0,0,0,0,0,0,0,0,0,0,0,0,0,0,0,0,0,0,0,0,0,0,0,0,0,0,0,0,0,0,0,0,0,0,0,0,0,0,0,0,0,629,630,
633,634,0,0,0,0,0,0,0,0,0,0,0,0,0,0,0,0,0,0,0,0,0,0,0,0,0,0,0,0,0,0,0,0,0,0,0,0,0,0,0,0,0,0,0,0,0,0,0,0,0,0,0,0,0,0,0,0,0,0,0,0,0,0,0,0,0,0,0,0,0,0,0,0,0,0,0,0,629,630,
633,634,0,0,0,0,0,0,0,1238,1239,1240,1241,0,0,0,0,0,0,0,0,0,0,0,0,0,0,0,0,0,0,0,0,0,0,0,0,0,0,0,0,0,0,0,0,0,0,0,0,0,0,0,0,0,0,0,0,0,0,0,0,0,0,0,0,0,0,1238,1239,1240,1241,0,0,0,0,0,0,0,629,630,
633,634,0,0,0,0,0,0,0,1298,1299,1300,1301,0,0,0,0,0,0,0,0,0,0,0,0,0,0,0,0,0,0,0,0,0,0,0,0,0,0,0,0,0,0,0,0,0,0,0,0,0,0,0,0,0,0,0,0,0,0,0,0,0,0,0,0,0,0,1298,1299,1300,1301,0,0,0,0,0,0,0,629,630,
633,634,0,0,0,0,0,0,0,1358,1359,1360,1361,0,0,0,0,0,0,0,0,0,0,0,0,0,0,0,0,0,0,0,0,0,0,0,0,0,0,0,0,0,0,0,0,0,0,0,0,0,0,0,0,0,0,0,0,0,0,0,0,0,0,0,0,0,0,1358,1359,1360,1361,0,0,0,0,0,0,0,629,630,
633,634,0,0,0,0,0,0,0,1418,1419,1420,1421,0,0,0,0,0,0,0,0,0,0,0,0,0,0,0,0,0,0,0,0,0,0,0,0,0,0,0,0,0,0,0,0,0,0,0,0,0,0,0,0,0,0,0,0,0,0,0,0,0,0,0,0,0,0,1418,1419,1420,1421,0,0,0,0,0,0,0,629,630,
633,634,0,0,0,0,0,0,0,1478,1479,1480,1481,0,0,0,0,0,0,0,0,0,0,0,0,0,0,0,0,0,0,0,0,0,0,0,0,0,0,0,0,0,0,0,0,0,0,0,0,0,0,0,0,0,0,0,0,0,0,0,0,0,0,0,0,0,0,1478,1479,1480,1481,0,0,0,0,0,0,0,629,630,
633,634,0,0,0,0,0,0,0,1538,1539,1540,1541,0,0,0,0,0,0,0,0,0,0,0,0,0,0,0,0,0,0,0,0,0,0,0,0,0,0,0,0,0,0,0,0,0,0,0,0,0,0,0,0,0,0,0,0,0,0,0,0,0,0,0,0,0,0,1538,1539,1540,1541,0,0,0,0,0,0,0,629,630,
633,634,0,0,0,0,0,0,0,0,0,0,0,0,0,0,0,0,0,0,0,0,0,0,0,0,0,0,0,0,0,0,0,0,0,0,0,0,0,0,0,0,0,0,0,0,0,0,0,0,0,0,0,0,0,0,0,0,0,0,0,0,0,0,0,0,0,0,0,0,0,0,0,0,0,0,0,0,629,630,
633,634,0,0,0,0,0,0,0,0,0,0,0,0,0,0,0,0,0,0,0,0,0,0,0,0,0,0,0,0,0,0,0,0,0,0,0,0,0,0,0,0,0,0,0,0,0,0,0,0,0,0,0,0,0,0,0,0,0,0,0,0,0,0,0,0,0,0,0,0,0,0,0,0,0,0,0,0,629,630,
633,634,0,0,0,0,0,0,0,0,0,0,0,0,0,0,0,0,0,0,0,0,0,0,0,0,0,0,0,0,0,0,0,0,0,0,0,0,0,0,0,0,0,0,0,0,0,0,0,0,0,0,0,0,0,0,0,0,0,0,0,0,0,0,0,0,0,0,0,0,0,0,0,0,0,0,0,0,629,630,
633,634,0,0,0,0,0,0,0,0,0,0,0,0,0,0,0,0,0,0,0,0,0,0,0,0,0,0,0,0,0,0,0,0,0,0,0,0,0,0,0,0,0,0,0,0,0,0,0,0,0,0,0,0,0,0,0,0,0,0,0,0,0,0,0,0,0,0,0,0,0,0,0,0,0,0,0,0,629,630,
633,634,0,0,0,0,0,0,0,0,0,0,0,0,0,0,0,0,0,0,0,0,0,0,0,0,0,0,0,0,0,0,0,0,0,0,0,0,0,0,0,0,0,0,0,0,0,0,0,0,0,0,0,0,0,0,0,0,0,0,0,0,0,0,0,0,0,0,0,0,0,0,0,0,0,0,0,0,629,630,
633,634,0,0,0,0,0,0,0,0,0,0,0,0,0,0,0,0,0,0,0,0,0,0,0,0,0,0,0,0,0,0,0,0,0,0,0,0,0,0,0,0,0,0,0,0,0,0,0,0,0,0,0,0,0,0,0,0,0,0,0,0,0,0,0,0,0,0,0,0,0,0,0,0,0,0,0,0,629,630,
633,634,0,0,0,0,0,0,0,0,0,0,0,0,0,0,0,0,0,0,0,0,0,0,0,0,0,0,0,0,0,0,0,0,0,0,0,0,0,0,0,0,0,0,0,0,0,0,0,0,0,0,0,0,0,0,0,0,0,0,0,0,0,0,0,0,0,0,0,0,0,0,0,0,0,0,0,0,629,630,
633,634,0,0,0,0,0,0,0,0,0,0,0,0,0,0,0,1238,1239,1240,1241,0,0,0,0,0,0,0,0,0,0,0,0,0,0,0,0,0,0,0,0,0,0,0,0,0,0,0,0,0,0,0,0,0,0,0,0,0,1238,1239,1240,1241,0,0,0,0,0,0,0,0,0,0,0,0,0,0,0,0,629,630,
633,634,0,0,0,0,0,0,0,0,0,0,0,0,0,0,0,1298,1299,1300,1301,0,0,0,0,0,0,0,0,0,0,0,0,0,0,0,0,0,0,0,0,0,0,0,0,0,0,0,0,0,0,0,0,0,0,0,0,0,1298,1299,1300,1301,0,0,0,0,0,0,0,0,0,0,0,0,0,0,0,0,629,630,
633,634,0,0,0,0,0,0,0,0,0,0,0,0,0,0,0,1358,1359,1360,1361,0,0,0,0,0,0,0,0,0,0,0,0,0,0,0,0,0,0,0,0,0,0,0,0,0,0,0,0,0,0,0,0,0,0,0,0,0,1358,1359,1360,1361,0,0,0,0,0,0,0,0,0,0,0,0,0,0,0,0,629,630,
633,634,0,0,0,0,0,0,0,0,0,0,0,0,0,0,0,1418,1419,1420,1421,0,0,0,0,0,0,0,0,0,0,0,0,0,0,0,0,0,0,0,0,0,0,0,0,0,0,0,0,0,0,0,0,0,0,0,0,0,1418,1419,1420,1421,0,0,0,0,0,0,0,0,0,0,0,0,0,0,0,0,629,630,
633,634,0,0,0,0,0,0,0,0,0,0,0,0,0,0,0,1478,1479,1480,1481,0,0,0,0,0,0,0,0,0,0,0,0,0,0,0,0,0,0,0,0,0,0,0,0,0,0,0,0,0,0,0,0,0,0,0,0,0,1478,1479,1480,1481,0,0,0,0,0,0,0,0,0,0,0,0,0,0,0,0,629,630,
633,634,0,0,0,0,0,0,0,0,0,0,0,0,0,0,0,1538,1539,1540,1541,0,0,0,0,0,0,0,0,0,0,0,0,0,0,0,0,0,0,0,0,0,0,0,0,0,0,0,0,0,0,0,0,0,0,0,0,0,1538,1539,1540,1541,0,0,0,0,0,0,0,0,0,0,0,0,0,0,0,0,629,630,
633,634,0,0,0,0,0,0,0,0,0,0,0,0,0,0,0,0,0,0,0,0,0,0,0,0,0,0,0,0,0,1238,1239,1240,1241,0,0,0,0,0,0,0,0,0,0,1238,1239,1240,1241,0,0,0,0,0,0,0,0,0,0,0,0,0,0,0,0,0,0,0,0,0,0,0,0,0,0,0,0,0,629,630,
633,634,0,0,0,0,0,0,0,0,0,0,0,0,0,0,0,0,0,0,0,0,0,0,0,0,0,0,0,0,0,1298,1299,1300,1301,0,0,0,0,0,0,0,0,0,0,1298,1299,1300,1301,0,0,0,0,0,0,0,0,0,0,0,0,0,0,0,0,0,0,0,0,0,0,0,0,0,0,0,0,0,629,630,
633,634,0,0,0,0,0,0,0,0,0,0,0,0,0,0,0,0,0,0,0,0,0,0,0,0,0,0,0,0,0,1358,1359,1360,1361,0,0,0,0,0,0,0,0,0,0,1358,1359,1360,1361,0,0,0,0,0,0,0,0,0,0,0,0,0,0,0,0,0,0,0,0,0,0,0,0,0,0,0,0,0,629,630,
633,634,0,0,0,0,0,0,0,0,0,0,0,0,0,0,0,0,0,0,0,0,0,0,0,0,0,0,0,0,0,1418,1419,1420,1421,0,0,0,0,0,0,0,0,0,0,1418,1419,1420,1421,0,0,0,0,0,0,0,0,0,0,0,0,0,0,0,0,0,0,0,0,0,0,0,0,0,0,0,0,0,629,630,
633,634,0,0,0,0,0,0,0,1238,1239,1240,1241,0,0,0,0,0,0,0,0,0,0,0,0,0,0,0,0,0,0,1478,1479,1480,1481,0,0,0,0,0,0,0,0,0,0,1478,1479,1480,1481,0,0,0,0,0,0,0,0,0,0,0,0,0,0,0,0,0,0,1238,1239,1240,1241,0,0,0,0,0,0,0,629,630,
633,634,0,0,0,0,0,0,0,1298,1299,1300,1301,0,0,0,0,0,0,0,0,0,0,0,0,0,0,0,0,0,0,1538,1539,1540,1541,0,0,0,0,0,0,0,0,0,0,1538,1539,1540,1541,0,0,0,0,0,0,0,0,0,0,0,0,0,0,0,0,0,0,1298,1299,1300,1301,0,0,0,0,0,0,0,629,630,
633,634,0,0,0,0,0,0,0,1358,1359,1360,1361,0,0,0,0,0,0,0,0,0,0,0,0,0,0,0,0,0,0,0,0,0,0,0,0,0,0,0,0,0,0,0,0,0,0,0,0,0,0,0,0,0,0,0,0,0,0,0,0,0,0,0,0,0,0,1358,1359,1360,1361,0,0,0,0,0,0,0,629,630,
633,634,0,0,0,0,0,0,0,1418,1419,1420,1421,0,0,0,0,0,0,0,0,0,0,0,0,0,0,0,0,0,0,0,0,0,0,0,0,0,0,0,0,0,0,0,0,0,0,0,0,0,0,0,0,0,0,0,0,0,0,0,0,0,0,0,0,0,0,1418,1419,1420,1421,0,0,0,0,0,0,0,629,630,
633,634,0,0,0,0,0,0,0,1478,1479,1480,1481,0,0,0,0,0,0,0,0,0,0,0,0,0,0,0,0,0,0,0,0,0,0,0,0,0,0,0,0,0,0,0,0,0,0,0,0,0,0,0,0,0,0,0,0,0,0,0,0,0,0,0,0,0,0,1478,1479,1480,1481,0,0,0,0,0,0,0,629,630,
633,634,0,0,0,0,0,0,0,1538,1539,1540,1541,0,0,0,0,0,0,0,0,0,0,0,0,0,0,0,0,0,0,0,0,0,0,0,0,0,0,0,0,0,0,0,0,0,0,0,0,0,0,0,0,0,0,0,0,0,0,0,0,0,0,0,0,0,0,1538,1539,1540,1541,0,0,0,0,0,0,0,629,630,
633,634,0,0,0,0,0,0,0,0,0,0,0,0,0,0,0,0,0,0,0,0,0,0,0,0,0,0,0,0,0,0,0,0,0,0,0,0,0,0,0,0,0,0,0,0,0,0,0,0,0,0,0,0,0,0,0,0,0,0,0,0,0,0,0,0,0,0,0,0,0,0,0,0,0,0,0,0,629,630,
633,634,0,0,0,0,0,0,0,0,0,0,0,0,0,0,0,0,0,0,0,0,0,0,0,0,0,0,0,0,0,0,509,510,511,512,513,514,0,0,0,0,509,510,511,512,513,514,0,0,0,0,0,0,0,0,0,0,0,0,0,0,0,0,0,0,0,0,0,0,0,0,0,0,0,0,0,0,629,630,
693,694,0,0,0,0,0,0,0,0,0,0,0,0,0,0,0,0,0,0,0,0,0,0,0,0,0,0,0,0,0,0,569,570,571,572,573,574,0,0,0,0,569,570,508,508,573,574,0,0,0,0,0,0,0,0,0,0,0,0,0,0,0,0,0,0,0,0,0,0,0,0,0,0,0,0,0,0,689,690,
877,878,511,512,511,511,511,511,511,511,511,511,512,511,511,511,511,511,511,511,511,511,511,511,511,511,511,511,511,511,511,511,1593,1594,508,508,633,634,0,0,0,0,629,630,508,508,877,878,511,511,511,511,511,511,512,511,511,511,511,511,511,511,511,511,511,511,511,511,511,511,511,511,511,511,511,511,511,512,1593,1594,
937,938,571,572,571,571,571,571,571,571,571,571,572,571,571,571,571,571,571,571,571,571,571,571,571,571,571,571,571,571,571,571,1653,1654,508,508,693,694,0,0,0,0,689,690,508,508,937,938,937,938,571,571,571,571,572,571,571,571,571,571,571,571,571,571,571,571,571,571,571,571,571,571,571,571,571,571,571,572,1653,1654
0,0,0,0,0,0,0,0,0,0,0,0,0,0,0,0,0,0,0,0,0,0,0,0,0,0,0,0,0,0,0,0,0,0,0,0,0,0,0,0,0,0,0,0,0,0,0,0,0,0,0,0,0,0,0,0,0,0,0,0,0,0,0,0,0,0,0,0,0,0,0,0,0,0,0,0,0,0,0,0,
0,0,0,0,0,0,0,0,0,0,0,0,0,0,0,0,0,0,0,0,0,0,0,0,0,0,0,0,0,0,0,0,0,0,0,0,0,0,0,0,0,0,0,0,0,0,0,0,0,0,0,0,0,0,0,0,0,0,0,0,0,0,0,0,0,0,0,0,0,0,0,0,0,0,0,0,0,0,0,0,
0,0,0,0,0,0,0,0,0,0,0,0,0,0,0,0,0,0,0,0,0,0,0,0,0,0,0,0,0,0,0,0,0,0,0,0,0,0,0,0,0,0,0,0,0,0,0,0,0,0,0,0,0,0,0,0,0,0,0,0,0,0,0,0,0,0,0,0,0,0,0,0,0,0,0,0,0,0,0,0,
0,0,0,0,0,0,0,0,0,0,0,0,0,0,0,0,0,0,0,0,0,0,0,0,0,0,0,0,0,0,0,0,0,0,0,0,0,0,0,0,0,0,0,0,0,0,0,0,0,0,0,0,0,0,0,0,0,0,0,0,0,0,0,0,0,0,0,0,0,0,0,0,0,0,0,0,0,0,0,0,
0,0,0,0,0,0,0,0,0,0,0,0,0,0,0,0,0,0,0,0,0,0,0,0,0,0,0,0,0,0,0,0,0,0,0,0,0,0,0,0,0,0,0,0,0,0,0,0,0,0,0,0,0,0,0,0,0,0,0,0,0,0,0,0,0,0,0,0,0,0,0,0,0,0,0,0,0,0,0,0,
0,0,0,0,0,0,0,0,0,0,0,0,0,0,0,0,0,0,0,0,0,0,0,0,0,0,0,0,0,0,0,0,0,0,0,0,0,0,0,0,0,0,0,0,0,0,0,0,0,0,0,0,0,0,0,0,0,0,0,0,0,0,0,0,0,0,0,0,0,0,0,0,0,0,0,0,0,0,0,0,
0,0,0,0,0,0,0,0,0,0,0,0,0,0,0,0,0,0,0,0,0,0,0,0,0,0,0,0,0,0,0,0,0,0,0,0,0,0,0,0,0,0,0,0,0,0,0,0,0,0,0,0,0,0,0,0,0,0,0,0,0,0,0,0,0,0,0,0,0,0,0,0,0,0,0,0,0,0,0,0,
0,0,0,0,0,0,0,0,0,0,0,0,0,0,0,0,0,0,0,0,0,0,0,0,0,0,0,0,0,0,0,0,0,0,0,0,0,0,0,0,0,0,0,0,0,0,0,0,0,0,0,0,0,0,0,0,0,0,0,0,0,0,0,0,0,0,0,0,0,0,0,0,0,0,0,0,0,0,0,0,
0,0,0,0,0,0,0,0,0,0,0,0,0,0,0,0,0,0,0,0,0,0,0,0,0,0,0,0,0,0,0,0,0,0,0,0,0,0,0,0,0,0,0,0,0,0,0,0,0,0,0,0,0,0,0,0,0,0,0,0,0,0,0,0,0,0,0,0,0,0,0,0,0,0,0,0,0,0,0,0,
0,0,0,0,0,0,0,0,0,0,0,0,0,0,0,0,0,0,0,0,0,0,0,0,0,1609,1610,1607,1608,1609,1610,1607,1608,0,0,0,0,0,0,0,0,0,0,0,0,0,0,1607,1608,1609,1610,1607,1608,1609,1610,0,0,0,0,0,0,0,0,0,0,0,0,0,0,0,0,0,0,0,0,0,0,0,0,0,
0,0,0,0,0,0,0,0,0,0,0,0,0,0,0,0,0,0,0,0,0,0,0,0,0,1669,1670,1667,1668,1669,1670,1667,1668,0,0,0,0,0,0,0,0,0,0,0,0,0,0,1667,1668,1669,1670,1667,1668,1669,1670,0,0,0,0,0,0,0,0,0,0,0,0,0,0,0,0,0,0,0,0,0,0,0,0,0,
0,0,0,0,0,0,0,0,0,0,0,0,0,0,0,0,0,0,0,0,0,0,0,0,0,0,0,0,0,0,0,0,0,0,0,0,0,0,0,0,0,0,0,0,0,0,0,0,0,0,0,0,0,0,0,0,0,0,0,0,0,0,0,0,0,0,0,0,0,0,0,0,0,0,0,0,0,0,0,0,
0,0,0,0,0,0,0,0,0,0,0,0,0,0,0,0,0,0,0,0,0,0,0,0,0,0,0,0,0,0,0,0,0,0,0,0,0,0,0,0,0,0,0,0,0,0,0,0,0,0,0,0,0,0,0,0,0,0,0,0,0,0,0,0,0,0,0,0,0,0,0,0,0,0,0,0,0,0,0,0,
0,0,0,0,0,0,0,0,0,0,0,0,0,0,0,0,0,0,0,0,0,0,0,0,0,0,0,0,0,0,0,0,0,0,0,0,0,0,0,0,0,0,0,0,0,0,0,0,0,0,0,0,0,0,0,0,0,0,0,0,0,0,0,0,0,0,0,0,0,0,0,0,0,0,0,0,0,0,0,0,
0,0,0,0,0,0,0,0,0,0,0,0,0,0,0,0,0,0,0,0,0,0,0,0,0,0,0,0,0,0,0,0,0,0,0,0,0,0,0,0,0,0,0,0,0,0,0,0,0,0,0,0,0,0,0,0,0,0,0,0,0,0,0,0,0,0,0,0,0,0,0,0,0,0,0,0,0,0,0,0,
0,0,0,0,0,0,0,0,0,0,0,0,0,0,0,0,0,0,0,0,0,0,0,0,0,0,0,0,0,0,0,0,0,0,0,0,0,0,0,0,0,0,0,0,0,0,0,0,0,0,0,0,0,0,0,0,0,0,0,0,0,0,0,0,0,0,0,0,0,0,0,0,0,0,0,0,0,0,0,0,
0,0,0,0,0,0,0,0,0,0,0,0,0,0,0,0,0,0,0,0,0,0,0,0,0,0,0,0,0,0,0,0,0,0,0,0,0,0,0,0,0,0,0,0,0,0,0,0,0,0,0,0,0,0,0,0,0,0,0,0,0,0,0,0,0,0,0,0,0,0,0,0,0,0,0,0,0,0,0,0,
0,0,0,0,0,0,0,0,0,0,0,0,0,0,0,0,0,0,0,0,0,0,0,0,0,0,0,0,0,0,0,0,0,0,0,0,0,0,0,0,0,0,0,0,0,0,0,0,0,0,0,0,0,0,0,0,0,0,0,0,0,0,0,0,0,0,0,0,0,0,0,0,0,0,0,0,0,0,0,0,
0,0,0,0,0,0,0,0,0,0,0,0,0,0,0,0,0,0,0,0,0,0,0,0,0,0,0,0,0,0,0,0,0,0,0,0,0,0,0,0,0,0,0,0,0,0,0,0,0,0,0,0,0,0,0,0,0,0,0,0,0,0,0,0,0,0,0,0,0,0,0,0,0,0,0,0,0,0,0,0,
0,0,0,0,0,0,0,0,0,0,0,0,0,0,0,0,0,0,0,0,0,0,0,0,0,0,0,0,0,0,0,0,0,0,0,0,0,0,0,0,0,0,0,0,0,0,0,0,0,0,0,0,0,0,0,0,0,0,0,0,0,0,0,0,0,0,0,0,0,0,0,0,0,0,0,0,0,0,0,0,
0,0,0,0,0,0,0,0,0,0,0,0,0,0,0,0,0,0,0,0,0,0,0,0,0,0,0,0,0,0,0,0,0,0,0,0,0,0,0,0,0,0,0,0,0,0,0,0,0,0,0,0,0,0,0,0,0,0,0,0,0,0,0,0,0,0,0,0,0,0,0,0,0,0,0,0,0,0,0,0,
0,0,0,0,0,0,0,0,0,0,0,0,0,0,0,0,0,0,0,0,0,0,0,0,0,0,0,0,0,0,0,0,0,0,0,0,0,0,0,0,0,0,0,0,0,0,0,0,0,0,0,0,0,0,0,0,0,0,0,0,0,0,0,0,0,0,0,0,0,0,0,0,0,0,0,0,0,0,0,0,
0,0,0,0,0,0,0,0,0,0,0,0,0,0,0,0,0,0,0,0,0,0,0,0,0,0,0,0,0,0,0,0,0,0,0,0,0,0,0,0,0,0,0,0,0,0,0,0,0,0,0,0,0,0,0,0,0,0,0,0,0,0,0,0,0,0,0,0,0,0,0,0,0,0,0,0,0,0,0,0,
0,0,0,0,0,0,0,0,0,0,0,0,0,0,0,0,0,0,0,0,0,0,0,0,0,0,0,0,0,0,0,0,0,0,0,0,0,0,0,0,0,0,0,0,0,0,0,0,0,0,0,0,0,0,0,0,0,0,0,0,0,0,0,0,0,0,0,0,0,0,0,0,0,0,0,0,0,0,0,0,
0,0,0,0,0,0,0,0,0,0,0,0,0,0,0,0,0,0,0,0,0,0,0,0,0,0,0,0,0,0,0,0,0,0,0,0,0,0,0,0,0,0,0,0,0,0,0,0,0,0,0,0,0,0,0,0,0,0,0,0,0,0,0,0,0,0,0,0,0,0,0,0,0,0,0,0,0,0,0,0,
0,0,0,0,0,0,0,0,0,0,0,0,0,0,0,0,0,0,0,0,0,0,0,0,0,0,0,0,0,0,0,0,0,0,0,0,0,0,0,0,0,0,0,0,0,0,0,0,0,0,0,0,0,0,0,0,0,0,0,0,0,0,0,0,0,0,0,0,0,0,0,0,0,0,0,0,0,0,0,0,
0,0,0,0,0,0,0,0,0,0,0,0,0,0,0,0,0,0,0,0,0,0,0,0,0,0,0,0,0,0,0,0,0,0,0,0,0,0,0,0,0,0,0,0,0,0,0,0,0,0,0,0,0,0,0,0,0,0,0,0,0,0,0,0,0,0,0,0,0,0,0,0,0,0,0,0,0,0,0,0,
0,0,0,0,0,0,0,0,0,0,0,0,0,0,0,0,0,0,0,0,0,0,0,0,0,0,0,0,0,0,0,0,0,0,0,0,0,0,0,0,0,0,0,0,0,0,0,0,0,0,0,0,0,0,0,0,0,0,0,0,0,0,0,0,0,0,0,0,0,0,0,0,0,0,0,0,0,0,0,0,
0,0,0,0,0,0,0,0,0,0,0,0,0,0,0,0,0,0,0,0,0,0,0,0,0,0,0,0,0,0,0,0,0,0,0,0,0,0,0,0,0,0,0,0,0,0,0,0,0,0,0,0,0,0,0,0,0,0,0,0,0,0,0,0,0,0,0,0,0,0,0,0,0,0,0,0,0,0,0,0,
0,0,0,0,0,0,0,0,0,0,0,0,0,0,0,0,0,0,0,0,0,0,0,0,0,0,0,0,0,0,0,0,0,0,0,0,0,0,0,0,0,0,0,0,0,0,0,0,0,0,0,0,0,0,0,0,0,0,0,0,0,0,0,0,0,0,0,0,0,0,0,0,0,0,0,0,0,0,0,0,
0,0,0,0,0,0,0,0,0,0,0,0,0,0,0,0,0,0,0,0,0,0,0,0,0,0,0,0,0,0,0,0,0,0,0,0,0,0,0,0,0,0,0,0,0,0,0,0,0,0,0,0,0,0,0,0,0,0,0,0,0,0,0,0,0,0,0,0,0,0,0,0,0,0,0,0,0,0,0,0,
0,0,0,0,0,0,0,0,0,0,0,0,0,0,0,0,0,0,0,0,0,0,0,0,0,0,0,0,0,0,0,0,0,0,0,0,0,0,0,0,0,0,0,0,0,0,0,0,0,0,0,0,0,0,0,0,0,0,0,0,0,0,0,0,0,0,0,0,0,0,0,0,0,0,0,0,0,0,0,0,
0,0,0,0,0,0,0,0,0,0,0,0,0,0,0,0,0,0,0,0,0,0,0,0,0,0,0,0,0,0,0,0,0,0,0,0,0,0,0,0,0,0,0,0,0,0,0,0,0,0,0,0,0,0,0,0,0,0,0,0,0,0,0,0,0,0,0,0,0,0,0,0,0,0,0,0,0,0,0,0,
0,0,0,0,0,0,0,0,0,0,0,0,0,0,0,0,0,0,0,0,0,0,0,0,0,0,0,0,0,0,0,0,0,0,0,0,0,0,0,0,0,0,0,0,0,0,0,0,0,0,0,0,0,0,0,0,0,0,0,0,0,0,0,0,0,0,0,0,0,0,0,0,0,0,0,0,0,0,0,0,
0,0,0,0,0,0,0,0,0,0,0,0,0,0,0,0,0,0,0,0,0,0,0,0,0,0,0,0,0,0,0,0,0,0,0,0,0,0,0,0,0,0,0,0,0,0,0,0,0,0,0,0,0,0,0,0,0,0,0,0,0,0,0,0,0,0,0,0,0,0,0,0,0,0,0,0,0,0,0,0,
0,0,0,0,0,0,0,0,0,0,0,0,0,0,0,0,0,0,0,0,0,0,0,0,0,0,0,0,0,0,0,0,0,0,0,0,0,0,0,0,0,0,0,0,0,0,0,0,0,0,0,0,0,0,0,0,0,0,0,0,0,0,0,0,0,0,0,0,0,0,0,0,0,0,0,0,0,0,0,0,
0,0,0,0,0,0,0,0,0,0,0,0,0,0,0,0,0,0,0,0,0,0,0,0,0,0,0,0,0,0,0,0,0,0,0,0,0,0,0,0,0,0,0,0,0,0,0,0,0,0,0,0,0,0,0,0,0,0,0,0,0,0,0,0,0,0,0,0,0,0,0,0,0,0,0,0,0,0,0,0,
0,0,0,0,0,0,0,0,0,0,0,0,0,0,0,0,0,0,0,0,0,0,0,0,0,0,0,0,0,0,0,0,0,0,0,0,0,0,0,0,0,0,0,0,0,0,0,0,0,0,0,0,0,0,0,0,0,0,0,0,0,0,0,0,0,0,0,0,0,0,0,0,0,0,0,0,0,0,0,0,
0,0,0,0,0,0,0,0,0,0,0,0,0,0,0,0,0,0,0,0,0,0,0,0,0,0,0,0,0,0,0,0,0,0,0,0,0,0,0,0,0,0,0,0,0,0,0,0,0,0,0,0,0,0,0,0,0,0,0,0,0,0,0,0,0,0,0,0,0,0,0,0,0,0,0,0,0,0,0,0,
0,0,0,0,0,0,0,0,0,0,0,0,0,0,0,0,0,0,0,0,0,0,0,0,0,0,0,0,0,0,0,0,0,0,0,0,0,0,0,0,0,0,0,0,0,0,0,0,0,0,0,0,0,0,0,0,0,0,0,0,0,0,0,0,0,0,0,0,0,0,0,0,0,0,0,0,0,0,0,0,
0,0,0,0,0,0,0,0,0,0,0,0,0,0,0,0,0,0,0,0,0,0,0,0,0,0,0,0,0,0,0,0,0,0,0,0,0,0,0,0,0,0,0,0,0,0,0,0,0,0,0,0,0,0,0,0,0,0,0,0,0,0,0,0,0,0,0,0,0,0,0,0,0,0,0,0,0,0,0,0,
0,0,0,0,0,0,0,0,0,0,0,0,0,0,0,0,0,0,0,0,0,0,0,0,0,0,0,0,0,0,0,0,0,0,0,0,0,0,0,0,0,0,0,0,0,0,0,0,0,0,0,0,0,0,0,0,0,0,0,0,0,0,0,0,0,0,0,0,0,0,0,0,0,0,0,0,0,0,0,0,
0,0,0,0,0,0,0,0,0,0,0,0,0,0,0,0,0,0,0,0,0,0,0,0,0,0,0,0,0,0,0,0,0,0,0,0,0,0,0,0,0,0,0,0,0,0,0,0,0,0,0,0,0,0,0,0,0,0,0,0,0,0,0,0,0,0,0,0,0,0,0,0,0,0,0,0,0,0,0,0,
0,0,0,0,0,0,0,0,0,0,0,0,0,0,0,0,0,0,0,0,0,0,0,0,0,0,0,0,0,0,0,0,0,0,0,0,0,0,0,0,0,0,0,0,0,0,0,0,0,0,0,0,0,0,0,0,0,0,0,0,0,0,0,0,0,0,0,0,0,0,0,0,0,0,0,0,0,0,0,0,
0,0,0,0,0,0,0,0,0,0,0,0,0,0,0,0,0,0,0,0,0,0,0,0,0,0,0,0,0,0,0,0,0,0,0,0,0,0,0,0,0,0,0,0,0,0,0,0,0,0,0,0,0,0,0,0,0,0,0,0,0,0,0,0,0,0,0,0,0,0,0,0,0,0,0,0,0,0,0,0,
0,0,0,0,0,0,0,0,0,0,0,0,0,0,0,0,0,0,0,0,0,0,0,0,0,0,0,0,0,0,0,0,0,0,0,0,0,0,0,0,0,0,0,0,0,0,0,0,0,0,0,0,0,0,0,0,0,0,0,0,0,0,0,0,0,0,0,0,0,0,0,0,0,0,0,0,0,0,0,0,
0,0,0,0,0,0,0,0,0,0,0,0,0,0,0,0,0,0,0,0,0,0,0,0,0,0,0,0,0,0,0,0,0,0,0,0,0,0,0,0,0,0,0,0,0,0,0,0,0,0,0,0,0,0,0,0,0,0,0,0,0,0,0,0,0,0,0,0,0,0,0,0,0,0,0,0,0,0,0,0,
0,0,0,0,0,0,0,0,0,0,0,0,0,0,0,0,0,0,0,0,0,0,0,0,0,0,0,0,0,0,0,0,0,0,0,0,0,0,0,0,0,0,0,0,0,0,0,0,0,0,0,0,0,0,0,0,0,0,0,0,0,0,0,0,0,0,0,0,0,0,0,0,0,0,0,0,0,0,0,0,
0,0,0,0,0,0,0,0,0,0,0,0,0,0,0,0,0,0,0,0,0,0,0,0,0,0,0,0,0,0,0,0,0,0,0,0,0,0,0,0,0,0,0,0,0,0,0,0,0,0,0,0,0,0,0,0,0,0,0,0,0,0,0,0,0,0,0,0,0,0,0,0,0,0,0,0,0,0,0,0,
0,0,0,0,0,0,0,0,0,0,0,0,0,0,0,0,0,0,0,0,0,0,0,0,0,0,0,0,0,0,0,0,0,0,0,0,0,0,0,0,0,0,0,0,0,0,0,0,0,0,0,0,0,0,0,0,0,0,0,0,0,0,0,0,0,0,0,0,0,0,0,0,0,0,0,0,0,0,0,0,
0,0,0,0,0,0,0,0,0,0,0,0,0,0,0,0,0,0,0,0,0,0,0,0,0,0,0,0,0,0,0,0,0,0,0,0,0,0,0,0,0,0,0,0,0,0,0,0,0,0,0,0,0,0,0,0,0,0,0,0,0,0,0,0,0,0,0,0,0,0,0,0,0,0,0,0,0,0,0,0,
0,0,0,0,0,0,0,0,0,0,0,0,0,0,0,0,0,0,0,0,0,0,0,0,0,0,0,0,0,0,0,0,0,0,0,0,0,0,0,0,0,0,0,0,0,0,0,0,0,0,0,0,0,0,0,0,0,0,0,0,0,0,0,0,0,0,0,0,0,0,0,0,0,0,0,0,0,0,0,0,
0,0,0,0,0,0,0,0,0,0,0,0,0,0,0,0,0,0,0,0,0,0,0,0,0,0,0,0,0,0,0,0,0,0,0,0,0,0,0,0,0,0,0,0,0,0,0,0,0,0,0,0,0,0,0,0,0,0,0,0,0,0,0,0,0,0,0,0,0,0,0,0,0,0,0,0,0,0,0,0,
0,0,0,0,0,0,0,0,0,0,0,0,0,0,0,0,0,0,0,0,0,0,0,0,0,0,0,0,0,0,0,0,0,0,0,0,0,0,0,0,0,0,0,0,0,0,0,0,0,0,0,0,0,0,0,0,0,0,0,0,0,0,0,0,0,0,0,0,0,0,0,0,0,0,0,0,0,0,0,0,
0,0,0,0,0,0,0,0,0,0,0,0,0,0,0,0,0,0,0,0,0,0,0,0,0,0,0,0,0,0,0,0,0,0,0,0,0,0,0,0,0,0,0,0,0,0,0,0,0,0,0,0,0,0,0,0,0,0,0,0,0,0,0,0,0,0,0,0,0,0,0,0,0,0,0,0,0,0,0,0,
0,0,0,0,0,0,0,0,0,0,0,0,0,0,0,0,0,0,0,0,0,0,0,0,0,0,0,0,0,0,0,0,0,0,0,0,0,0,0,0,0,0,0,0,0,0,0,0,0,0,0,0,0,0,0,0,0,0,0,0,0,0,0,0,0,0,0,0,0,0,0,0,0,0,0,0,0,0,0,0,
57,58,59,60,0,0,0,0,0,0,0,0,0,0,0,0,0,0,0,0,0,0,0,0,0,0,0,0,0,0,0,0,0,0,0,0,0,0,0,0,0,0,0,0,0,0,0,0,0,0,0,0,0,0,0,0,0,0,0,0,0,0,0,0,0,0,0,0,0,0,0,0,0,0,0,0,53,54,55,56,
117,118,119,120,0,0,0,0,0,0,0,0,0,0,0,0,0,0,0,0,0,0,0,0,0,0,0,0,0,0,0,0,0,0,0,0,0,0,0,0,0,0,0,0,0,0,0,0,0,0,0,0,0,0,0,0,0,0,0,0,0,0,0,0,0,0,0,0,0,0,0,0,0,0,0,0,113,114,115,116,
177,178,179,180,0,0,0,0,0,0,0,0,0,0,0,0,0,0,0,0,0,0,0,0,0,0,0,0,0,0,0,0,0,0,0,0,0,0,0,0,0,0,0,0,0,0,0,0,0,0,0,0,0,0,0,0,0,0,0,0,0,0,0,0,0,0,0,0,0,0,0,0,0,0,0,0,173,174,175,176,
237,238,239,240,0,0,0,0,0,0,0,0,0,0,0,0,0,0,0,0,0,0,0,0,0,0,0,0,0,0,0,0,0,0,0,0,0,0,0,0,0,0,0,0,0,0,0,0,0,0,0,0,0,0,0,0,0,0,0,0,0,0,0,0,0,0,0,0,0,0,0,0,0,0,0,0,233,234,235,236
