120
60
out/plaines.png
3488,3488,3488,3488,3488,3488,3488,3488,3488,3488,3488,3488,3488,3488,3488,3488,3488,3488,3488,3488,3488,3488,3488,3488,3488,3488,3488,3488,3488,3488,3488,3488,3488,3488,3488,3488,3488,3488,3488,3488,3488,3488,3488,3488,3488,3488,3488,3488,3488,3488,3488,3488,3488,3488,3488,3488,3488,3488,3488,3488,3488,3488,3488,3488,3488,3488,3488,3488,3488,3488,3488,3488,3488,3488,3488,3488,3488,3488,3488,3488,3488,3488,3488,3488,3488,3488,3488,3488,3488,3488,3488,3488,3488,3488,3488,3488,3488,3488,3488,3488,3488,3488,3488,3488,3488,3488,3488,3488,3488,3488,3488,3488,3488,3488,3488,3488,3488,3488,3488,3488,
3488,3488,3488,3488,3488,3488,3488,3488,3488,3488,3488,3488,3488,3488,3488,3488,3488,3488,3488,3488,3488,3488,3488,3488,3488,3488,3488,3488,3488,3488,3488,3488,3488,3488,3488,3488,3488,3488,3488,3488,3488,3488,3488,3488,3488,3488,3488,3488,3488,3488,3488,3488,3488,3488,3488,3488,3488,3488,3488,3488,3488,3488,3488,3488,3488,3488,3488,3488,3488,3488,3488,3488,3488,3488,3488,3488,3488,3488,3488,3488,3488,3488,3488,3488,3488,3488,3488,3488,3488,3488,3488,3488,3488,3488,3488,3488,3488,3488,3488,3488,3488,3488,3488,3488,3488,3488,3488,3488,3488,3488,3488,3488,3488,3488,3488,3488,3488,3488,3488,3488,
3488,3488,3488,3488,3488,3488,3488,3488,3488,3488,3488,3488,3488,3488,3488,3488,3488,3488,3488,3488,3488,3488,3488,3488,3488,3488,3488,3488,3488,3488,3488,3488,3488,3488,3488,3488,3488,3488,3488,3488,3488,3488,3488,3488,3488,3488,3488,3488,3488,3488,3488,3488,3488,3488,3488,3488,3488,3488,3488,3488,3488,3488,3488,3488,3488,3488,3488,3488,3488,3488,3488,3488,3488,3488,3488,3488,3488,3488,3488,3488,3488,3488,3488,3488,3488,3488,3488,3488,3488,3488,3488,3488,3488,3488,3488,3488,3488,3488,3488,3488,3488,3488,3488,3488,3488,3488,3488,3488,3488,3488,3488,3488,3488,3488,3488,3488,3488,3488,3488,3488,
3488,3488,3488,3488,3488,3488,3488,3488,3488,3488,3488,3488,3488,3488,3488,3488,3488,3488,3488,3488,3488,3488,3488,3488,3488,3488,3488,3488,3488,3488,3488,3488,3488,3488,3488,3488,3488,3488,3488,3488,3488,3488,3488,3488,3488,3488,3488,3488,3488,3488,3488,3488,3488,3488,3488,3488,3488,3488,3488,3488,3488,3488,3488,3488,3488,3488,3488,3488,3488,3488,3488,3488,3488,3488,3488,3488,3488,3488,3488,3488,3488,3488,3488,3488,3488,3488,3488,3488,3488,3488,3488,3488,3488,3488,3488,3488,3488,3488,3488,3488,3488,3488,3488,3488,3488,3488,3488,3488,3488,3488,3488,3488,3488,3488,3488,3488,3488,3488,3488,3488,
3488,3488,3488,3488,3488,3488,3488,3488,3488,3488,3488,3488,3488,3488,3488,3488,3488,3488,3488,3488,3488,3488,3488,3488,3488,3488,3488,3488,3488,3488,3488,3488,3488,3488,3488,3488,3488,3488,3488,3488,3488,3488,3488,3488,3488,3488,3488,3488,3488,3488,3488,3488,3488,3488,3488,3488,3488,3488,3488,3488,3488,3488,3488,3488,3488,3488,3488,3488,3488,3488,3488,3488,3488,3488,3488,3488,3488,3488,3488,3488,3488,3488,3488,3488,3488,3488,3488,3488,3488,3488,3488,3488,3488,3488,3488,3488,3488,3488,3488,3488,3488,3488,3488,3488,3488,3488,3488,3488,3488,3488,3488,3488,3488,3488,3488,3488,3488,3488,3488,3488,
3488,3488,3488,3488,3488,3488,3488,3488,3488,3488,3488,3488,3488,3488,3488,3488,3488,3488,3488,3488,3488,3488,3488,3488,3488,3488,3488,3488,3488,3488,3488,3488,3488,3488,3488,3488,3488,3488,3488,3488,3488,3488,3488,3488,3488,3488,3488,3488,3488,3488,3488,3488,3488,3488,3488,3488,3488,3488,3488,3488,3488,3488,3488,3488,3488,3488,3488,3488,3488,3488,3488,3488,3488,3488,3488,3488,3488,3488,3488,3488,3488,3488,3488,3488,3488,3488,3488,3488,3488,3488,3488,3488,3488,3488,3488,3488,3488,3488,3488,3488,3488,3488,3488,3488,3488,3488,3488,3488,3488,3488,3488,3488,3488,3488,3488,3488,3488,3488,3488,3488,
3488,3488,3488,3488,3488,3488,3488,3488,3488,3488,3488,3488,3488,3488,3488,3488,3488,3488,3488,3488,3488,3488,3488,3488,3488,3488,3488,3488,3488,3488,3488,3488,3488,3488,3488,3488,3488,3488,3488,3488,3488,3488,3488,3488,3488,3488,3488,3488,3488,3488,3488,3488,3488,3488,3488,3488,3488,3488,3488,3488,3488,3488,3488,3488,3488,3488,3488,3488,3488,3488,3488,3488,3488,3488,3488,3488,3488,3488,3488,3488,3488,3488,3488,3488,3488,3488,3488,3488,3488,3488,3488,3488,3488,3488,3488,3488,3488,3488,3488,3488,3488,3488,3488,3488,3488,3488,3488,3488,3488,3488,3488,3488,3488,3488,3488,3488,3488,3488,3488,3488,
3488,3488,3488,3488,3488,3488,3488,3488,3488,3488,3488,3488,3488,3488,3488,3488,3488,3488,3488,3488,3488,3488,3488,3488,3488,3488,3488,3488,3488,3488,3488,3488,3488,3488,3488,3488,3488,3488,3488,3488,3488,3488,3488,3488,3488,3488,3488,3488,3488,3488,3488,3488,3488,3488,3488,3488,3488,3488,3488,3488,3488,3488,3488,3488,3488,3488,3488,3488,3488,3488,3488,3488,3488,3488,3488,3488,3488,3488,3488,3488,3488,3488,3488,3488,3488,3488,3488,3488,3488,3488,3488,3488,3488,3488,3488,3488,3488,3488,3488,3488,3488,3488,3488,3488,3488,3488,3488,3488,3488,3488,3488,3488,3488,3488,3488,3488,3488,3488,3488,3488,
3488,3488,3488,3488,3488,3488,3488,3488,3488,3488,3488,3488,3488,3488,3488,3488,3488,3488,3488,3488,3488,3488,3488,3488,3488,3488,3488,3488,3488,3488,3488,3488,3488,3488,3488,3488,3488,3488,3488,3488,3488,3488,3488,3488,3488,3488,3488,3488,3488,3488,3488,3488,3488,3488,3488,3488,3488,3488,3488,3488,3488,3488,3488,3488,3488,3488,3488,3488,3488,3488,3488,3488,3488,3488,3488,3488,3488,3488,3488,3488,3488,3488,3488,3488,3488,3488,3488,3488,3488,3488,3488,3488,3488,3488,3488,3488,3488,3488,3488,3488,3488,3488,3488,3488,3488,3488,3488,3488,3488,3488,3488,3488,3488,3488,3488,3488,3488,3488,3488,3488,
3488,3488,3488,3488,3488,3488,3488,3488,3488,3488,3488,3488,3488,3488,3488,3488,3488,3488,3488,3488,3488,3488,3488,3488,3488,3488,3488,3488,3488,3488,3488,3488,3488,3488,3488,3488,3488,3488,3488,3488,3488,3488,3488,3488,3488,3488,3488,3488,3488,3488,3488,3488,3488,3488,3488,3488,3488,3488,3488,3488,3488,3488,3488,3488,3488,3488,3488,3488,3488,3488,3488,3488,3488,3488,3488,3488,3488,3488,3488,3488,3488,3488,3488,3488,3488,3488,3488,3488,3488,3488,3488,3488,3488,3488,3488,3488,3488,3488,3488,3488,3488,3488,3488,3488,3488,3488,3488,3488,3488,3488,3488,3488,3488,3488,3488,3488,3488,3488,3488,3488,
3488,3488,3488,3488,3488,3488,3488,3488,3488,3488,3488,3488,3488,3488,3488,3488,3488,3488,3488,3488,3488,3488,3488,3488,3488,3488,3488,3488,3488,3488,3488,3488,3488,3488,3488,3488,3488,3488,3488,3488,3488,3488,3488,3488,3488,3488,3488,3488,3488,3488,3488,3488,3488,3488,3488,3488,3488,3488,3488,3488,3488,3488,3488,3488,3488,3488,3488,3488,3488,3488,3488,3488,3488,3488,3488,3488,3488,3488,3488,3488,3488,3488,3488,3488,3488,3488,3488,3488,3488,3488,3488,3488,3488,3488,3488,3488,3488,3488,3488,3488,3488,3488,3488,3488,3488,3488,3488,3488,3488,3488,3488,3488,3488,3488,3488,3488,3488,3488,3488,3488,
3488,3488,3488,3488,3488,3488,3488,3488,3488,3488,3488,3488,3488,3488,3488,3488,3488,3488,3488,3488,3488,3488,3488,3488,3488,3488,3488,3488,3488,3488,3488,3488,3488,3488,3488,3488,3488,3488,3488,3488,3488,3488,3488,3488,3488,3488,3488,3488,3488,3488,3488,3488,3488,3488,3488,3488,3488,3488,3488,3488,3488,3488,3488,3488,3488,3488,3488,3488,3488,3488,3488,3488,3488,3488,3488,3488,3488,3488,3488,3488,3488,3488,3488,3488,3488,3488,3488,3488,3488,3488,3488,3488,3488,3488,3488,3488,3488,3488,3488,3488,3488,3488,3488,3488,3488,3488,3488,3488,3488,3488,3488,3488,3488,3488,3488,3488,3488,3488,3488,3488,
3488,3488,3488,3488,3488,3488,3488,3488,3488,3488,3488,3488,3488,3488,3488,3488,3488,3488,3488,3488,3488,3488,3488,3488,3488,3488,3488,3488,3488,3488,3488,3488,3488,3488,3488,3488,3488,3488,3488,3488,3488,3488,3488,3488,3488,3488,3488,3488,3488,3488,3488,3488,3488,3488,3488,3488,3488,3488,3488,3488,3488,3488,3488,3488,3488,3488,3488,3488,3488,3488,3488,3488,3488,3488,3488,3488,3488,3488,3488,3488,3488,3488,3488,3488,3488,3488,3488,3488,3488,3488,3488,3488,3488,3488,3488,3488,3488,3488,3488,3488,3488,3488,3488,3488,3488,3488,3488,3488,3488,3488,3488,3488,3488,3488,3488,3488,3488,3488,3488,3488,
3488,3488,3488,3488,3488,3488,3488,3488,3488,3488,3488,3488,3488,3488,3488,3488,3488,3488,3488,3488,3488,3488,3488,3488,3488,3488,3488,3488,3488,3488,3488,3488,3488,3488,3488,3488,3488,3488,3488,3488,3488,3488,3488,3488,3488,3488,3488,3488,3488,3488,3488,3488,3488,3488,3488,3488,3488,3488,3488,3488,3488,3488,3488,3488,3488,3488,3488,3488,3488,3488,3488,3488,3488,3488,3488,3488,3488,3488,3488,3488,3488,3488,3488,3488,3488,3488,3488,3488,3488,3488,3488,3488,3488,3488,3488,3488,3488,3488,3488,3488,3488,3488,3488,3488,3488,3488,3488,3488,3488,3488,3488,3488,3488,3488,3488,3488,3488,3488,3488,3488,
3488,3488,3488,3488,3488,3488,3488,3488,3488,3488,3488,3488,3488,3488,3488,3488,3488,3488,3488,3488,3488,3488,3488,3488,3488,3488,3488,3488,3488,3488,3488,3488,3488,3488,3488,3488,3488,3488,3488,3488,3488,3488,3488,3488,3488,3488,3488,3488,3488,3488,3488,3488,3488,3488,3488,3488,3488,3488,3488,3488,3488,3488,3488,3488,3488,3488,3488,3488,3488,3488,3488,3488,3488,3488,3488,3488,3488,3488,3488,3488,3488,3488,3488,3488,3488,3488,3488,3488,3488,3488,3488,3488,3488,3488,3488,3488,3488,3488,3488,3488,3488,3488,3488,3488,3488,3488,3488,3488,3488,3488,3488,3488,3488,3488,3488,3488,3488,3488,3488,3488,
3488,3488,3488,3488,3488,3488,3488,3488,3488,3488,3488,3488,3488,3488,3488,3488,3488,3488,3488,3488,3488,3488,3488,3488,3488,3488,3488,3488,3488,3488,3488,3488,3488,3488,3488,3488,3488,3488,3488,3488,3488,3488,3488,3488,3488,3488,3488,3488,3488,3488,3488,3488,3488,3488,3488,3488,3488,3488,3488,3488,3488,3488,3488,3488,3488,3488,3488,3488,3488,3488,3488,3488,3488,3488,3488,3488,3488,3488,3488,3488,3488,3488,3488,3488,3488,3488,3488,3488,3488,3488,3488,3488,3488,3488,3488,3488,3488,3488,3488,3488,3488,3488,3488,3488,3488,3488,3488,3488,3488,3488,3488,3488,3488,3488,3488,3488,3488,3488,3488,3488,
3488,3488,3488,3488,3488,3488,3488,3488,3488,3488,3488,3488,3488,3488,3488,3488,3488,3488,3488,3488,3488,3488,3488,3488,3488,3488,3488,3488,3488,3488,3488,3488,3488,3488,3488,3488,3488,3488,3488,3488,3488,3488,3488,3488,3488,3488,3488,3488,3488,3488,3488,3488,3488,3488,3488,3488,3488,3488,3488,3488,3488,3488,3488,3488,3488,3488,3488,3488,3488,3488,3488,3488,3488,3488,3488,3488,3488,3488,3488,3488,3488,3488,3488,3488,3488,3488,3488,3488,3488,3488,3488,3488,3488,3488,3488,3488,3488,3488,3488,3488,3488,3488,3488,3488,3488,3488,3488,3488,3488,3488,3488,3488,3488,3488,3488,3488,3488,3488,3488,3488,
3488,3488,3488,3488,3488,3488,3488,3488,3488,3488,3488,3488,3488,3488,3488,3488,3488,3488,3488,3488,3488,3488,3488,3488,3488,3488,3488,3488,3488,3488,3488,3488,3488,3488,3488,3488,3488,3488,3488,3488,3488,3488,3488,3488,3488,3488,3488,3488,3488,3488,3488,3488,3488,3488,3488,3488,3488,3488,3488,3488,3488,3488,3488,3488,3488,3488,3488,3488,3488,3488,3488,3488,3488,3488,3488,3488,3488,3488,3488,3488,3488,3488,3488,3488,3488,3488,3488,3488,3488,3488,3488,3488,3488,3488,3488,3488,3488,3488,3488,3488,3488,3488,3488,3488,3488,3488,3488,3488,3488,3488,3488,3488,3488,3488,3488,3488,3488,3488,3488,3488,
3488,3488,3488,3488,3488,3488,3488,3488,3488,3488,3488,3488,3488,3488,3488,3488,3488,3488,3488,3488,3488,3488,3488,3488,3488,3488,3488,3488,3488,3488,3488,3488,3488,3488,3488,3488,3488,3488,3488,3488,3488,3488,3488,3488,3488,3488,3488,3488,3488,3488,3488,3488,3488,3488,3488,3488,3488,3488,3488,3488,3488,3488,3488,3488,3488,3488,3488,3488,3488,3488,3488,3488,3488,3488,3488,3488,3488,3488,3488,3488,3488,3488,3488,3488,3488,3488,3488,3488,3488,3488,3488,3488,3488,3488,3488,3488,3488,3488,3488,3488,3488,3488,3488,3488,3488,3488,3488,3488,3488,3488,3488,3488,3488,3488,3488,3488,3488,3488,3488,3488,
3488,3488,3488,3488,3488,3488,3488,3488,3488,3488,3488,3488,3488,3488,3488,3488,3488,3488,3488,3488,3488,3488,3488,3488,3488,3488,3488,3488,3488,3488,3488,3488,3488,3488,3488,3488,3488,3488,3488,3488,3488,3488,3488,3488,3488,3488,3488,3488,3488,3488,3488,3488,3488,3488,3488,3488,3488,3488,3488,3488,3488,3488,3488,3488,3488,3488,3488,3488,3488,3488,3488,3488,3488,3488,3488,3488,3488,3488,3488,3488,3488,3488,3488,3488,3488,3488,3488,3488,3488,3488,3488,3488,3488,3488,3488,3488,3488,3488,3488,3488,3488,3488,3488,3488,3488,3488,3488,3488,3488,3488,3488,3488,3488,3488,3488,3488,3488,3488,3488,3488,
3488,3488,3488,3488,3488,3488,3488,3488,3488,3488,3488,3488,3488,3488,3488,3488,3488,3488,3488,3488,3488,3488,3488,3488,3488,3488,3488,3488,3488,3488,3488,3488,3488,3488,3488,3488,3488,3488,3488,3488,3488,3488,3488,3488,3488,3488,3488,3488,3488,3488,3488,3488,3488,3488,3488,3488,3488,3488,3488,3488,3488,3488,3488,3488,3488,3488,3488,3488,3488,3488,3488,3488,3488,3488,3488,3488,3488,3488,3488,3488,3488,3488,3488,3488,3488,3488,3488,3488,3488,3488,3488,3488,3488,3488,3488,3488,3488,3488,3488,3488,3488,3488,3488,3488,3488,3488,3488,3488,3488,3488,3488,3488,3488,3488,3488,3488,3488,3488,3488,3488,
3488,3488,3488,3488,3488,3488,3488,3488,3488,3488,3488,3488,3488,3488,3488,3488,3488,3488,3488,3488,3488,3488,3488,3488,3488,3488,3488,3488,3488,3488,3488,3488,3488,3488,3488,3488,3488,3488,3488,3488,3488,3488,3488,3488,3488,3488,3488,3488,3488,3488,3488,3488,3488,3488,3488,3488,3488,3488,3488,3488,3488,3488,3488,3488,3488,3488,3488,3488,3488,3488,3488,3488,3488,3488,3488,3488,3488,3488,3488,3488,3488,3488,3488,3488,3488,3488,3488,3488,3488,3488,3488,3488,3488,3488,3488,3488,3488,3488,3488,3488,3488,3488,3488,3488,3488,3488,3488,3488,3488,3488,3488,3488,3488,3488,3488,3488,3488,3488,3488,3488,
3488,3488,3488,3488,3488,3488,3488,3488,3488,3488,3488,3488,3488,3488,3488,3488,3488,3488,3488,3488,3488,3488,3488,3488,3488,3488,3488,3488,3488,3488,3488,3488,3488,3488,3488,3488,3488,3488,3488,3488,3488,3488,3488,3488,3488,3488,3488,3488,3488,3488,3488,3488,3488,3488,3488,3488,3488,3488,3488,3488,3488,3488,3488,3488,3488,3488,3488,3488,3488,3488,3488,3488,3488,3488,3488,3488,3488,3488,3488,3488,3488,3488,3488,3488,3488,3488,3488,3488,3488,3488,3488,3488,3488,3488,3488,3488,3488,3488,3488,3488,3488,3488,3488,3488,3488,3488,3488,3488,3488,3488,3488,3488,3488,3488,3488,3488,3488,3488,3488,3488,
3488,3488,3488,3488,3488,3488,3488,3488,3488,3488,3488,3488,3488,3488,3488,3488,3488,3488,3488,3488,3488,3488,3488,3488,3488,3488,3488,3488,3488,3488,3488,3488,3488,3488,3488,3488,3488,3488,3488,3488,3488,3488,3488,3488,3488,3488,3488,3488,3488,3488,3488,3488,3488,3488,3488,3488,3488,3488,3488,3488,3488,3488,3488,3488,3488,3488,3488,3488,3488,3488,3488,3488,3488,3488,3488,3488,3488,3488,3488,3488,3488,3488,3488,3488,3488,3488,3488,3488,3488,3488,3488,3488,3488,3488,3488,3488,3488,3488,3488,3488,3488,3488,3488,3488,3488,3488,3488,3488,3488,3488,3488,3488,3488,3488,3488,3488,3488,3488,3488,3488,
3488,3488,3488,3488,3488,3488,3488,3488,3488,3488,3488,3488,3488,3488,3488,3488,3488,3488,3488,3488,3488,3488,3488,3488,3488,3488,3488,3488,3488,3488,3488,3488,3488,3488,3488,3488,3488,3488,3488,3488,3488,3488,3488,3488,3488,3488,3488,3488,3488,3488,3488,3488,3488,3488,3488,3488,3488,3488,3488,3488,3488,3488,3488,3488,3488,3488,3488,3488,3488,3488,3488,3488,3488,3488,3488,3488,3488,3488,3488,3488,3488,3488,3488,3488,3488,3488,3488,3488,3488,3488,3488,3488,3488,3488,3488,3488,3488,3488,3488,3488,3488,3488,3488,3488,3488,3488,3488,3488,3488,3488,3488,3488,3488,3488,3488,3488,3488,3488,3488,3488,
3488,3488,3488,3488,3488,3488,3488,3488,3488,3488,3488,3488,3488,3488,3488,3488,3488,3488,3488,3488,3488,3488,3488,3488,3488,3488,3488,3488,3488,3488,3488,3488,3488,3488,3488,3488,3488,3488,3488,3488,3488,3488,3488,3488,3488,3488,3488,3488,3488,3488,3488,3488,3488,3488,3488,3488,3488,3488,3488,3488,3488,3488,3488,3488,3488,3488,3488,3488,3488,3488,3488,3488,3488,3488,3488,3488,3488,3488,3488,3488,3488,3488,3488,3488,3488,3488,3488,3488,3488,3488,3488,3488,3488,3488,3488,3488,3488,3488,3488,3488,3488,3488,3488,3488,3488,3488,3488,3488,3488,3488,3488,3488,3488,3488,3488,3488,3488,3488,3488,3488,
3488,3488,3488,3488,3488,3488,3488,3488,3488,3488,3488,3488,3488,3488,3488,3488,3488,3488,3488,3488,3488,3488,3488,3488,3488,3488,3488,3488,3488,3488,3488,3488,3488,3488,3488,3488,3488,3488,3488,3488,3488,3488,3488,3488,3488,3488,3488,3488,3488,3488,3488,3488,3488,3488,3488,3488,3488,3488,3488,3488,3488,3488,3488,3488,3488,3488,3488,3488,3488,3488,3488,3488,3488,3488,3488,3488,3488,3488,3488,3488,3488,3488,3488,3488,3488,3488,3488,3488,3488,3488,3488,3488,3488,3488,3488,3488,3488,3488,3488,3488,3488,3488,3488,3488,3488,3488,3488,3488,3488,3488,3488,3488,3488,3488,3488,3488,3488,3488,3488,3488,
3488,3488,3488,3488,3488,3488,3488,3488,3488,3488,3488,3488,3488,3488,3488,3488,3488,3488,3488,3488,3488,3488,3488,3488,3488,3488,3488,3488,3488,3488,3488,3488,3488,3488,3488,3488,3488,3488,3488,3488,3488,3488,3488,3488,3488,3488,3488,3488,3488,3488,3488,3488,3488,3488,3488,3488,3488,3488,3488,3488,3488,3488,3488,3488,3488,3488,3488,3488,3488,3488,3488,3488,3488,3488,3488,3488,3488,3488,3488,3488,3488,3488,3488,3488,3488,3488,3488,3488,3488,3488,3488,3488,3488,3488,3488,3488,3488,3488,3488,3488,3488,3488,3488,3488,3488,3488,3488,3488,3488,3488,3488,3488,3488,3488,3488,3488,3488,3488,3488,3488,
3488,3488,3488,3488,3488,3488,3488,3488,3488,3488,3488,3488,3488,3488,3488,3488,3488,3488,3488,3488,3488,3488,3488,3488,3488,3488,3488,3488,3488,3488,3488,3488,3488,3488,3488,3488,3488,3488,3488,3488,3488,3488,3488,3488,3488,3488,3488,3488,3488,3488,3488,3488,3488,3488,3488,3488,3488,3488,3488,3488,3488,3488,3488,3488,3488,3488,3488,3488,3488,3488,3488,3488,3488,3488,3488,3488,3488,3488,3488,3488,3488,3488,3488,3488,3488,3488,3488,3488,3488,3488,3488,3488,3488,3488,3488,3488,3488,3488,3488,3488,3488,3488,3488,3488,3488,3488,3488,3488,3488,3488,3488,3488,3488,3488,3488,3488,3488,3488,3488,3488,
3488,3488,3488,3488,3488,3488,3488,3488,3488,3488,3488,3488,3488,3488,3488,3488,3488,3488,3488,3488,3488,3488,3488,3488,3488,3488,3488,3488,3488,3488,3488,3488,3488,3488,3488,3488,3488,3488,3488,3488,3488,3488,3488,3488,3488,3488,3488,3488,3488,3488,3488,3488,3488,3488,3488,3488,3488,3488,3488,3488,3488,3488,3488,3488,3488,3488,3488,3488,3488,3488,3488,3488,3488,3488,3488,3488,3488,3488,3488,3488,3488,3488,3488,3488,3488,3488,3488,3488,3488,3488,3488,3488,3488,3488,3488,3488,3488,3488,3488,3488,3488,3488,3488,3488,3488,3488,3488,3488,3488,3488,3488,3488,3488,3488,3488,3488,3488,3488,3488,3488,
3488,3488,3488,3488,3488,3488,3488,3488,3488,3488,3488,3488,3488,3488,3488,3488,3488,3488,3488,3488,3488,3488,3488,3488,3488,3488,3488,3488,3488,3488,3488,3488,3488,3488,3488,3488,3488,3488,3488,3488,3488,3488,3488,3488,3488,3488,3488,3488,3488,3488,3488,3488,3488,3488,3488,3488,3488,3488,3488,3488,3488,3488,3488,3488,3488,3488,3488,3488,3488,3488,3488,3488,3488,3488,3488,3488,3488,3488,3488,3488,3488,3488,3488,3488,3488,3488,3488,3488,3488,3488,3488,3488,3488,3488,3488,3488,3488,3488,3488,3488,3488,3488,3488,3488,3488,3488,3488,3488,3488,3488,3488,3488,3488,3488,3488,3488,3488,3488,3488,3488,
3488,3488,3488,3488,3488,3488,3488,3488,3488,3488,3488,3488,3488,3488,3488,3488,3488,3488,3488,3488,3488,3488,3488,3488,3488,3488,3488,3488,3488,3488,3488,3488,3488,3488,3488,3488,3488,3488,3488,3488,3488,3488,3488,3488,3488,3488,3488,3488,3488,3488,3488,3488,3488,3488,3488,3488,3488,3488,3488,3488,3488,3488,3488,3488,3488,3488,3488,3488,3488,3488,3488,3488,3488,3488,3488,3488,3488,3488,3488,3488,3488,3488,3488,3488,3488,3488,3488,3488,3488,3488,3488,3488,3488,3488,3488,3488,3488,3488,3488,3488,3488,3488,3488,3488,3488,3488,3488,3488,3488,3488,3488,3488,3488,3488,3488,3488,3488,3488,3488,3488,
3488,3488,3488,3488,3488,3488,3488,3488,3488,3488,3488,3488,3488,3488,3488,3488,3488,3488,3488,3488,3488,3488,3488,3488,3488,3488,3488,3488,3488,3488,3488,3488,3488,3488,3488,3488,3488,3488,3488,3488,3488,3488,3488,3488,3488,3488,3488,3488,3488,3488,3488,3488,3488,3488,3488,3488,3488,3488,3488,3488,3488,3488,3488,3488,3488,3488,3488,3488,3488,3488,3488,3488,3488,3488,3488,3488,3488,3488,3488,3488,3488,3488,3488,3488,3488,3488,3488,3488,3488,3488,3488,3488,3488,3488,3488,3488,3488,3488,3488,3488,3488,3488,3488,3488,3488,3488,3488,3488,3488,3488,3488,3488,3488,3488,3488,3488,3488,3488,3488,3488,
3488,3488,3488,3488,3488,3488,3488,3488,3488,3488,3488,3488,3488,3488,3488,3488,3488,3488,3488,3488,3488,3488,3488,3488,3488,3488,3488,3488,3488,3488,3488,3488,3488,3488,3488,3488,3488,3488,3488,3488,3488,3488,3488,3488,3488,3488,3488,3488,3488,3488,3488,3488,3488,3488,3488,3488,3488,3488,3488,3488,3488,3488,3488,3488,3488,3488,3488,3488,3488,3488,3488,3488,3488,3488,3488,3488,3488,3488,3488,3488,3488,3488,3488,3488,3488,3488,3488,3488,3488,3488,3488,3488,3488,3488,3488,3488,3488,3488,3488,3488,3488,3488,3488,3488,3488,3488,3488,3488,3488,3488,3488,3488,3488,3488,3488,3488,3488,3488,3488,3488,
3488,3488,3488,3488,3488,3488,3488,3488,3488,3488,3488,3488,3488,3488,3488,3488,3488,3488,3488,3488,3488,3488,3488,3488,3488,3488,3488,3488,3488,3488,3488,3488,3488,3488,3488,3488,3488,3488,3488,3488,3488,3488,3488,3488,3488,3488,3488,3488,3488,3488,3488,3488,3488,3488,3488,3488,3488,3488,3488,3488,3488,3488,3488,3488,3488,3488,3488,3488,3488,3488,3488,3488,3488,3488,3488,3488,3488,3488,3488,3488,3488,3488,3488,3488,3488,3488,3488,3488,3488,3488,3488,3488,3488,3488,3488,3488,3488,3488,3488,3488,3488,3488,3488,3488,3488,3488,3488,3488,3488,3488,3488,3488,3488,3488,3488,3488,3488,3488,3488,3488,
3488,3488,3488,3488,3488,3488,3488,3488,3488,3488,3488,3488,3488,3488,3488,3488,3488,3488,3488,3488,3488,3488,3488,3488,3488,3488,3488,3488,3488,3488,3488,3488,3488,3488,3488,3488,3488,3488,3488,3488,3488,3488,3488,3488,3488,3488,3488,3488,3488,3488,3488,3488,3488,3488,3488,3488,3488,3488,3488,3488,3488,3488,3488,3488,3488,3488,3488,3488,3488,3488,3488,3488,3488,3488,3488,3488,3488,3488,3488,3488,3488,3488,3488,3488,3488,3488,3488,3488,3488,3488,3488,3488,3488,3488,3488,3488,3488,3488,3488,3488,3488,3488,3488,3488,3488,3488,3488,3488,3488,3488,3488,3488,3488,3488,3488,3488,3488,3488,3488,3488,
3488,3488,3488,3488,3488,3488,3488,3488,3488,3488,3488,3488,3488,3488,3488,3488,3488,3488,3488,3488,3488,3488,3488,3488,3488,3488,3488,3488,3488,3488,3488,3488,3488,3488,3488,3488,3488,3488,3488,3488,3488,3488,3488,3488,3488,3488,3488,3488,3488,3488,3488,3488,3488,3488,3488,3488,3488,3488,3488,3488,3488,3488,3488,3488,3488,3488,3488,3488,3488,3488,3488,3488,3488,3488,3488,3488,3488,3488,3488,3488,3488,3488,3488,3488,3488,3488,3488,3488,3488,3488,3488,3488,3488,3488,3488,3488,3488,3488,3488,3488,3488,3488,3488,3488,3488,3488,3488,3488,3488,3488,3488,3488,3488,3488,3488,3488,3488,3488,3488,3488,
3488,3488,3488,3488,3488,3488,3488,3488,3488,3488,3488,3488,3488,3488,3488,3488,3488,3488,3488,3488,3488,3488,3488,3488,3488,3488,3488,3488,3488,3488,3488,3488,3488,3488,3488,3488,3488,3488,3488,3488,3488,3488,3488,3488,3488,3488,3488,3488,3488,3488,3488,3488,3488,3488,3488,3488,3488,3488,3488,3488,3488,3488,3488,3488,3488,3488,3488,3488,3488,3488,3488,3488,3488,3488,3488,3488,3488,3488,3488,3488,3488,3488,3488,3488,3488,3488,3488,3488,3488,3488,3488,3488,3488,3488,3488,3488,3488,3488,3488,3488,3488,3488,3488,3488,3488,3488,3488,3488,3488,3488,3488,3488,3488,3488,3488,3488,3488,3488,3488,3488,
3488,3488,3488,3488,3488,3488,3488,3488,3488,3488,3488,3488,3488,3488,3488,3488,3488,3488,3488,3488,3488,3488,3488,3488,3488,3488,3488,3488,3488,3488,3488,3488,3488,3488,3488,3488,3488,3488,3488,3488,3488,3488,3488,3488,3488,3488,3488,3488,3488,3488,3488,3488,3488,3488,3488,3488,3488,3488,3488,3488,3488,3488,3488,3488,3488,3488,3488,3488,3488,3488,3488,3488,3488,3488,3488,3488,3488,3488,3488,3488,3488,3488,3488,3488,3488,3488,3488,3488,3488,3488,3488,3488,3488,3488,3488,3488,3488,3488,3488,3488,3488,3488,3488,3488,3488,3488,3488,3488,3488,3488,3488,3488,3488,3488,3488,3488,3488,3488,3488,3488,
3488,3488,3488,3488,3488,3488,3488,3488,3488,3488,3488,3488,3488,3488,3488,3488,3488,3488,3488,3488,3488,3488,3488,3488,3488,3488,3488,3488,3488,3488,3488,3488,3488,3488,3488,3488,3488,3488,3488,3488,3488,3488,3488,3488,3488,3488,3488,3488,3488,3488,3488,3488,3488,3488,3488,3488,3488,3488,3488,3488,3488,3488,3488,3488,3488,3488,3488,3488,3488,3488,3488,3488,3488,3488,3488,3488,3488,3488,3488,3488,3488,3488,3488,3488,3488,3488,3488,3488,3488,3488,3488,3488,3488,3488,3488,3488,3488,3488,3488,3488,3488,3488,3488,3488,3488,3488,3488,3488,3488,3488,3488,3488,3488,3488,3488,3488,3488,3488,3488,3488,
3488,3488,3488,3488,3488,3488,3488,3488,3488,3488,3488,3488,3488,3488,3488,3488,3488,3488,3488,3488,3488,3488,3488,3488,3488,3488,3488,3488,3488,3488,3488,3488,3488,3488,3488,3488,3488,3488,3488,3488,3488,3488,3488,3488,3488,3488,3488,3488,3488,3488,3488,3488,3488,3488,3488,3488,3488,3488,3488,3488,3488,3488,3488,3488,3488,3488,3488,3488,3488,3488,3488,3488,3488,3488,3488,3488,3488,3488,3488,3488,3488,3488,3488,3488,3488,3488,3488,3488,3488,3488,3488,3488,3488,3488,3488,3488,3488,3488,3488,3488,3488,3488,3488,3488,3488,3488,3488,3488,3488,3488,3488,3488,3488,3488,3488,3488,3488,3488,3488,3488,
3488,3488,3488,3488,3488,3488,3488,3488,3488,3488,3488,3488,3488,3488,3488,3488,3488,3488,3488,3488,3488,3488,3488,3488,3488,3488,3488,3488,3488,3488,3488,3488,3488,3488,3488,3488,3488,3488,3488,3488,3488,3488,3488,3488,3488,3488,3488,3488,3488,3488,3488,3488,3488,3488,3488,3488,3488,3488,3488,3488,3488,3488,3488,3488,3488,3488,3488,3488,3488,3488,3488,3488,3488,3488,3488,3488,3488,3488,3488,3488,3488,3488,3488,3488,3488,3488,3488,3488,3488,3488,3488,3488,3488,3488,3488,3488,3488,3488,3488,3488,3488,3488,3488,3488,3488,3488,3488,3488,3488,3488,3488,3488,3488,3488,3488,3488,3488,3488,3488,3488,
3488,3488,3488,3488,3488,3488,3488,3488,3488,3488,3488,3488,3488,3488,3488,3488,3488,3488,3488,3488,3488,3488,3488,3488,3488,3488,3488,3488,3488,3488,3488,3488,3488,3488,3488,3488,3488,3488,3488,3488,3488,3488,3488,3488,3488,3488,3488,3488,3488,3488,3488,3488,3488,3488,3488,3488,3488,3488,3488,3488,3488,3488,3488,3488,3488,3488,3488,3488,3488,3488,3488,3488,3488,3488,3488,3488,3488,3488,3488,3488,3488,3488,3488,3488,3488,3488,3488,3488,3488,3488,3488,3488,3488,3488,3488,3488,3488,3488,3488,3488,3488,3488,3488,3488,3488,3488,3488,3488,3488,3488,3488,3488,3488,3488,3488,3488,3488,3488,3488,3488,
3488,3488,3488,3488,3488,3488,3488,3488,3488,3488,3488,3488,3488,3488,3488,3488,3488,3488,3488,3488,3488,3488,3488,3488,3488,3488,3488,3488,3488,3488,3488,3488,3488,3488,3488,3488,3488,3488,3488,3488,3488,3488,3488,3488,3488,3488,3488,3488,3488,3488,3488,3488,3488,3488,3488,3488,3488,3488,3488,3488,3488,3488,3488,3488,3488,3488,3488,3488,3488,3488,3488,3488,3488,3488,3488,3488,3488,3488,3488,3488,3488,3488,3488,3488,3488,3488,3488,3488,3488,3488,3488,3488,3488,3488,3488,3488,3488,3488,3488,3488,3488,3488,3488,3488,3488,3488,3488,3488,3488,3488,3488,3488,3488,3488,3488,3488,3488,3488,3488,3488,
3488,3488,3488,3488,3488,3488,3488,3488,3488,3488,3488,3488,3488,3488,3488,3488,3488,3488,3488,3488,3488,3488,3488,3488,3488,3488,3488,3488,3488,3488,3488,3488,3488,3488,3488,3488,3488,3488,3488,3488,3488,3488,3488,3488,3488,3488,3488,3488,3488,3488,3488,3488,3488,3488,3488,3488,3488,3488,3488,3488,3488,3488,3488,3488,3488,3488,3488,3488,3488,3488,3488,3488,3488,3488,3488,3488,3488,3488,3488,3488,3488,3488,3488,3488,3488,3488,3488,3488,3488,3488,3488,3488,3488,3488,3488,3488,3488,3488,3488,3488,3488,3488,3488,3488,3488,3488,3488,3488,3488,3488,3488,3488,3488,3488,3488,3488,3488,3488,3488,3488,
3488,3488,3488,3488,3488,3488,3488,3488,3488,3488,3488,3488,3488,3488,3488,3488,3488,3488,3488,3488,3488,3488,3488,3488,3488,3488,3488,3488,3488,3488,3488,3488,3488,3488,3488,3488,3488,3488,3488,3488,3488,3488,3488,3488,3488,3488,3488,3488,3488,3488,3488,3488,3488,3488,3488,3488,3488,3488,3488,3488,3488,3488,3488,3488,3488,3488,3488,3488,3488,3488,3488,3488,3488,3488,3488,3488,3488,3488,3488,3488,3488,3488,3488,3488,3488,3488,3488,3488,3488,3488,3488,3488,3488,3488,3488,3488,3488,3488,3488,3488,3488,3488,3488,3488,3488,3488,3488,3488,3488,3488,3488,3488,3488,3488,3488,3488,3488,3488,3488,3488,
3488,3488,3488,3488,3488,3488,3488,3488,3488,3488,3488,3488,3488,3488,3488,3488,3488,3488,3488,3488,3488,3488,3488,3488,3488,3488,3488,3488,3488,3488,3488,3488,3488,3488,3488,3488,3488,3488,3488,3488,3488,3488,3488,3488,3488,3488,3488,3488,3488,3488,3488,3488,3488,3488,3488,3488,3488,3488,3488,3488,3488,3488,3488,3488,3488,3488,3488,3488,3488,3488,3488,3488,3488,3488,3488,3488,3488,3488,3488,3488,3488,3488,3488,3488,3488,3488,3488,3488,3488,3488,3488,3488,3488,3488,3488,3488,3488,3488,3488,3488,3488,3488,3488,3488,3488,3488,3488,3488,3488,3488,3488,3488,3488,3488,3488,3488,3488,3488,3488,3488,
3488,3488,3488,3488,3488,3488,3488,3488,3488,3488,3488,3488,3488,3488,3488,3488,3488,3488,3488,3488,3488,3488,3488,3488,3488,3488,3488,3488,3488,3488,3488,3488,3488,3488,3488,3488,3488,3488,3488,3488,3488,3488,3488,3488,3488,3488,3488,3488,3488,3488,3488,3488,3488,3488,3488,3488,3488,3488,3488,3488,3488,3488,3488,3488,3488,3488,3488,3488,3488,3488,3488,3488,3488,3488,3488,3488,3488,3488,3488,3488,3488,3488,3488,3488,3488,3488,3488,3488,3488,3488,3488,3488,3488,3488,3488,3488,3488,3488,3488,3488,3488,3488,3488,3488,3488,3488,3488,3488,3488,3488,3488,3488,3488,3488,3488,3488,3488,3488,3488,3488,
3488,3488,3488,3488,3488,3488,3488,3488,3488,3488,3488,3488,3488,3488,3488,3488,3488,3488,3488,3488,3488,3488,3488,3488,3488,3488,3488,3488,3488,3488,3488,3488,3488,3488,3488,3488,3488,3488,3488,3488,3488,3488,3488,3488,3488,3488,3488,3488,3488,3488,3488,3488,3488,3488,3488,3488,3488,3488,3488,3488,3488,3488,3488,3488,3488,3488,3488,3488,3488,3488,3488,3488,3488,3488,3488,3488,3488,3488,3488,3488,3488,3488,3488,3488,3488,3488,3488,3488,3488,3488,3488,3488,3488,3488,3488,3488,3488,3488,3488,3488,3488,3488,3488,3488,3488,3488,3488,3488,3488,3488,3488,3488,3488,3488,3488,3488,3488,3488,3488,3488,
3488,3488,3488,3488,3488,3488,3488,3488,3488,3488,3488,3488,3488,3488,3488,3488,3488,3488,3488,3488,3488,3488,3488,3488,3488,3488,3488,3488,3488,3488,3488,3488,3488,3488,3488,3488,3488,3488,3488,3488,3488,3488,3488,3488,3488,3488,3488,3488,3488,3488,3488,3488,3488,3488,3488,3488,3488,3488,3488,3488,3488,3488,3488,3488,3488,3488,3488,3488,3488,3488,3488,3488,3488,3488,3488,3488,3488,3488,3488,3488,3488,3488,3488,3488,3488,3488,3488,3488,3488,3488,3488,3488,3488,3488,3488,3488,3488,3488,3488,3488,3488,3488,3488,3488,3488,3488,3488,3488,3488,3488,3488,3488,3488,3488,3488,3488,3488,3488,3488,3488,
3488,3488,3488,3488,3488,3488,3488,3488,3488,3488,3488,3488,3488,3488,3488,3488,3488,3488,3488,3488,3488,3488,3488,3488,3488,3488,3488,3488,3488,3488,3488,3488,3488,3488,3488,3488,3488,3488,3488,3488,3488,3488,3488,3488,3488,3488,3488,3488,3488,3488,3488,3488,3488,3488,3488,3488,3488,3488,3488,3488,3488,3488,3488,3488,3488,3488,3488,3488,3488,3488,3488,3488,3488,3488,3488,3488,3488,3488,3488,3488,3488,3488,3488,3488,3488,3488,3488,3488,3488,3488,3488,3488,3488,3488,3488,3488,3488,3488,3488,3488,3488,3488,3488,3488,3488,3488,3488,3488,3488,3488,3488,3488,3488,3488,3488,3488,3488,3488,3488,3488,
3488,3488,3488,3488,3488,3488,3488,3488,3488,3488,3488,3488,3488,3488,3488,3488,3488,3488,3488,3488,3488,3488,3488,3488,3488,3488,3488,3488,3488,3488,3488,3488,3488,3488,3488,3488,3488,3488,3488,3488,3488,3488,3488,3488,3488,3488,3488,3488,3488,3488,3488,3488,3488,3488,3488,3488,3488,3488,3488,3488,3488,3488,3488,3488,3488,3488,3488,3488,3488,3488,3488,3488,3488,3488,3488,3488,3488,3488,3488,3488,3488,3488,3488,3488,3488,3488,3488,3488,3488,3488,3488,3488,3488,3488,3488,3488,3488,3488,3488,3488,3488,3488,3488,3488,3488,3488,3488,3488,3488,3488,3488,3488,3488,3488,3488,3488,3488,3488,3488,3488,
3488,3488,3488,3488,3488,3488,3488,3488,3488,3488,3488,3488,3488,3488,3488,3488,3488,3488,3488,3488,3488,3488,3488,3488,3488,3488,3488,3488,3488,3488,3488,3488,3488,3488,3488,3488,3488,3488,3488,3488,3488,3488,3488,3488,3488,3488,3488,3488,3488,3488,3488,3488,3488,3488,3488,3488,3488,3488,3488,3488,3488,3488,3488,3488,3488,3488,3488,3488,3488,3488,3488,3488,3488,3488,3488,3488,3488,3488,3488,3488,3488,3488,3488,3488,3488,3488,3488,3488,3488,3488,3488,3488,3488,3488,3488,3488,3488,3488,3488,3488,3488,3488,3488,3488,3488,3488,3488,3488,3488,3488,3488,3488,3488,3488,3488,3488,3488,3488,3488,3488,
3488,3488,3488,3488,3488,3488,3488,3488,3488,3488,3488,3488,3488,3488,3488,3488,3488,3488,3488,3488,3488,3488,3488,3488,3488,3488,3488,3488,3488,3488,3488,3488,3488,3488,3488,3488,3488,3488,3488,3488,3488,3488,3488,3488,3488,3488,3488,3488,3488,3488,3488,3488,3488,3488,3488,3488,3488,3488,3488,3488,3488,3488,3488,3488,3488,3488,3488,3488,3488,3488,3488,3488,3488,3488,3488,3488,3488,3488,3488,3488,3488,3488,3488,3488,3488,3488,3488,3488,3488,3488,3488,3488,3488,3488,3488,3488,3488,3488,3488,3488,3488,3488,3488,3488,3488,3488,3488,3488,3488,3488,3488,3488,3488,3488,3488,3488,3488,3488,3488,3488,
3488,3488,3488,3488,3488,3488,3488,3488,3488,3488,3488,3488,3488,3488,3488,3488,3488,3488,3488,3488,3488,3488,3488,3488,3488,3488,3488,3488,3488,3488,3488,3488,3488,3488,3488,3488,3488,3488,3488,3488,3488,3488,3488,3488,3488,3488,3488,3488,3488,3488,3488,3488,3488,3488,3488,3488,3488,3488,3488,3488,3488,3488,3488,3488,3488,3488,3488,3488,3488,3488,3488,3488,3488,3488,3488,3488,3488,3488,3488,3488,3488,3488,3488,3488,3488,3488,3488,3488,3488,3488,3488,3488,3488,3488,3488,3488,3488,3488,3488,3488,3488,3488,3488,3488,3488,3488,3488,3488,3488,3488,3488,3488,3488,3488,3488,3488,3488,3488,3488,3488,
3488,3488,3488,3488,3488,3488,3488,3488,3488,3488,3488,3488,3488,3488,3488,3488,3488,3488,3488,3488,3488,3488,3488,3488,3488,3488,3488,3488,3488,3488,3488,3488,3488,3488,3488,3488,3488,3488,3488,3488,3488,3488,3488,3488,3488,3488,3488,3488,3488,3488,3488,3488,3488,3488,3488,3488,3488,3488,3488,3488,3488,3488,3488,3488,3488,3488,3488,3488,3488,3488,3488,3488,3488,3488,3488,3488,3488,3488,3488,3488,3488,3488,3488,3488,3488,3488,3488,3488,3488,3488,3488,3488,3488,3488,3488,3488,3488,3488,3488,3488,3488,3488,3488,3488,3488,3488,3488,3488,3488,3488,3488,3488,3488,3488,3488,3488,3488,3488,3488,3488,
3488,3488,3488,3488,3488,3488,3488,3488,3488,3488,3488,3488,3488,3488,3488,3488,3488,3488,3488,3488,3488,3488,3488,3488,3488,3488,3488,3488,3488,3488,3488,3488,3488,3488,3488,3488,3488,3488,3488,3488,3488,3488,3488,3488,3488,3488,3488,3488,3488,3488,3488,3488,3488,3488,3488,3488,3488,3488,3488,3488,3488,3488,3488,3488,3488,3488,3488,3488,3488,3488,3488,3488,3488,3488,3488,3488,3488,3488,3488,3488,3488,3488,3488,3488,3488,3488,3488,3488,3488,3488,3488,3488,3488,3488,3488,3488,3488,3488,3488,3488,3488,3488,3488,3488,3488,3488,3488,3488,3488,3488,3488,3488,3488,3488,3488,3488,3488,3488,3488,3488,
3488,3488,3488,3488,3488,3488,3488,3488,3488,3488,3488,3488,3488,3488,3488,3488,3488,3488,3488,3488,3488,3488,3488,3488,3488,3488,3488,3488,3488,3488,3488,3488,3488,3488,3488,3488,3488,3488,3488,3488,3488,3488,3488,3488,3488,3488,3488,3488,3488,3488,3488,3488,3488,3488,3488,3488,3488,3488,3488,3488,3488,3488,3488,3488,3488,3488,3488,3488,3488,3488,3488,3488,3488,3488,3488,3488,3488,3488,3488,3488,3488,3488,3488,3488,3488,3488,3488,3488,3488,3488,3488,3488,3488,3488,3488,3488,3488,3488,3488,3488,3488,3488,3488,3488,3488,3488,3488,3488,3488,3488,3488,3488,3488,3488,3488,3488,3488,3488,3488,3488,
3488,3488,3488,3488,3488,3488,3488,3488,3488,3488,3488,3488,3488,3488,3488,3488,3488,3488,3488,3488,3488,3488,3488,3488,3488,3488,3488,3488,3488,3488,3488,3488,3488,3488,3488,3488,3488,3488,3488,3488,3488,3488,3488,3488,3488,3488,3488,3488,3488,3488,3488,3488,3488,3488,3488,3488,3488,3488,3488,3488,3488,3488,3488,3488,3488,3488,3488,3488,3488,3488,3488,3488,3488,3488,3488,3488,3488,3488,3488,3488,3488,3488,3488,3488,3488,3488,3488,3488,3488,3488,3488,3488,3488,3488,3488,3488,3488,3488,3488,3488,3488,3488,3488,3488,3488,3488,3488,3488,3488,3488,3488,3488,3488,3488,3488,3488,3488,3488,3488,3488,
3488,3488,3488,3488,3488,3488,3488,3488,3488,3488,3488,3488,3488,3488,3488,3488,3488,3488,3488,3488,3488,3488,3488,3488,3488,3488,3488,3488,3488,3488,3488,3488,3488,3488,3488,3488,3488,3488,3488,3488,3488,3488,3488,3488,3488,3488,3488,3488,3488,3488,3488,3488,3488,3488,3488,3488,3488,3488,3488,3488,3488,3488,3488,3488,3488,3488,3488,3488,3488,3488,3488,3488,3488,3488,3488,3488,3488,3488,3488,3488,3488,3488,3488,3488,3488,3488,3488,3488,3488,3488,3488,3488,3488,3488,3488,3488,3488,3488,3488,3488,3488,3488,3488,3488,3488,3488,3488,3488,3488,3488,3488,3488,3488,3488,3488,3488,3488,3488,3488,3488
777,778,2089,2090,775,776,777,778,2089,2090,775,776,777,778,2089,2090,775,776,777,778,2089,2090,775,776,777,778,2089,2090,775,776,777,778,2089,2090,775,776,777,778,2089,2090,775,776,777,778,2089,2090,775,776,777,778,2089,2090,775,776,777,778,2089,2090,775,776,777,778,2089,2090,775,776,777,778,2089,2090,775,776,777,778,2089,2090,775,776,777,778,2089,2090,775,776,777,778,2089,2090,775,776,777,778,2089,2090,775,776,777,778,2089,2090,775,776,777,778,2089,2090,775,776,777,778,2089,2090,775,776,777,2089,2090,774,775,776,
837,838,2149,2150,835,836,837,838,2149,2150,835,836,837,838,2149,2150,835,836,837,838,2149,2150,835,836,837,838,2149,2150,835,836,837,838,2149,2150,835,836,837,838,2149,2150,835,836,837,838,2149,2150,835,836,837,838,2149,2150,835,836,837,838,2149,2150,835,836,837,838,2149,2150,835,836,837,838,2149,2150,835,836,837,838,2149,2150,835,836,837,838,2149,2150,835,836,837,838,2149,2150,835,836,837,838,2149,2150,835,836,837,838,2149,2150,835,836,837,838,2149,2150,835,836,837,838,2149,2150,835,836,837,2149,2150,834,835,836,
897,898,2209,2210,895,896,897,898,2209,2210,895,896,897,898,2209,2210,895,896,897,898,2209,2210,895,896,897,898,2209,2210,895,896,897,898,2209,2210,895,896,897,898,2209,2210,895,896,897,898,2209,2210,895,896,897,898,2209,2210,895,896,897,898,2209,2210,895,896,897,898,2209,2210,895,896,897,898,2209,2210,895,896,897,898,2209,2210,895,896,897,898,2209,2210,895,896,897,898,2209,2210,895,896,897,898,2209,2210,895,896,897,898,2209,2210,895,896,897,898,2209,2210,895,896,897,898,2209,2210,895,896,897,2209,2210,894,895,896,
957,958,2269,2270,955,956,957,958,2269,2270,955,956,957,958,2269,2270,955,956,957,958,2269,2270,955,956,957,958,2269,2270,955,956,957,958,2269,2270,955,956,957,958,2269,2270,955,956,957,958,2269,2270,955,956,957,958,2269,2270,955,956,957,958,2269,2270,955,956,957,958,2269,2270,955,956,957,958,2269,2270,955,956,957,958,2269,2270,955,956,957,958,2269,2270,955,956,957,958,2269,2270,955,956,957,958,2269,2270,955,956,957,958,2269,2270,955,956,957,958,2269,2270,955,956,957,958,2269,2270,955,956,957,2269,2270,954,955,956,
1017,1018,2329,2330,1015,1016,1017,1018,2329,2330,1015,1016,1017,1018,2329,2330,1015,1016,1017,1018,2329,2330,1015,1016,1017,1018,2329,2330,1015,1016,1017,1018,2329,2330,1015,1016,1017,1018,2329,2330,1015,1016,1017,1018,2329,2330,1015,1016,1017,1018,2329,2330,1015,1016,1017,1018,2329,2330,1015,1016,1017,1018,2329,2330,1015,1016,1017,1018,2329,2330,1015,1016,1017,1018,2329,2330,1015,1016,1017,1018,2329,2330,1015,1016,1017,1018,2329,2330,1015,1016,1017,1018,2329,2330,1015,1016,1017,1018,2329,2330,1015,1016,1017,1018,2329,2330,1015,1016,1017,1018,2329,2330,1015,1016,1017,2329,2330,1014,1015,1016,
1077,1078,2389,2390,1075,1076,1077,1078,2389,2390,1075,1076,1077,1078,2389,2390,1075,1076,1077,1078,2389,2390,1075,1076,1077,1078,2389,2390,1075,1076,1077,1078,2389,2390,1075,1076,1077,1078,2389,2390,1075,1076,1077,1078,2389,2390,1075,1076,1077,1078,2389,2390,1075,1076,1077,1078,2389,2390,1075,1076,1077,1078,2389,2390,1075,1076,1077,1078,2389,2390,1075,1076,1077,1078,2389,2390,1075,1076,1077,1078,2389,2390,1075,1076,1077,1078,2389,2390,1075,1076,1077,1078,2389,2390,1075,1076,1077,1078,2389,2390,1075,1076,1077,1078,2389,2390,1075,1076,1077,1078,2389,2390,1075,1076,1077,2389,2390,1074,1075,1076,
0,0,0,0,0,0,0,0,0,0,0,0,0,0,0,0,0,0,0,0,0,0,0,0,0,0,0,0,0,0,0,0,0,0,0,0,0,0,0,0,0,0,0,0,0,0,0,0,0,0,0,0,0,0,0,0,0,0,0,0,0,0,0,0,0,0,0,0,0,0,0,0,0,0,0,0,0,0,0,0,0,0,0,0,0,0,0,0,0,0,0,0,0,0,0,0,0,0,0,0,0,0,0,0,0,0,0,0,0,0,0,0,0,0,0,0,773,774,775,776,
0,0,0,0,0,0,0,0,0,0,0,0,0,0,0,0,0,0,0,0,0,0,0,0,0,0,0,0,0,0,0,0,0,0,0,0,0,0,0,0,0,0,0,0,0,0,0,0,0,0,0,0,0,0,0,0,0,0,0,0,0,0,0,0,0,0,0,0,0,0,0,0,0,0,0,0,0,0,0,0,0,0,0,0,0,0,0,0,0,0,0,0,0,0,0,0,0,0,0,0,0,0,0,0,0,0,0,0,0,0,0,0,0,0,0,0,833,834,835,836,
0,0,0,0,0,0,0,0,0,0,0,0,0,0,0,0,0,0,0,0,0,0,0,0,0,0,0,0,0,0,0,0,0,0,0,0,0,0,0,0,0,0,0,0,0,0,0,0,0,0,0,0,0,0,0,0,0,0,0,0,0,0,0,0,0,0,0,0,0,0,0,0,0,0,0,0,0,0,0,0,0,0,0,0,0,0,0,0,0,0,0,0,0,0,0,0,0,0,0,0,0,0,0,0,0,0,0,0,0,0,0,0,0,0,0,0,893,894,895,896,
0,0,0,0,0,0,0,0,0,0,0,0,0,0,0,0,0,0,0,0,0,0,0,0,0,0,0,0,0,0,0,0,0,0,0,0,0,0,0,0,0,0,0,0,0,0,0,0,0,0,0,0,0,0,0,0,0,0,0,0,0,0,0,0,0,0,0,0,0,0,0,0,0,0,0,0,0,0,0,0,0,0,0,0,0,0,0,0,0,0,0,0,0,0,0,0,0,0,0,0,0,0,0,0,0,0,0,0,0,0,0,0,0,0,0,0,953,954,955,956,
0,0,0,0,0,0,0,0,0,0,0,0,0,0,0,0,0,0,0,0,0,0,0,0,0,0,0,0,0,0,0,0,0,0,0,0,0,0,0,0,0,0,0,0,0,0,0,0,0,0,0,0,0,0,0,0,0,0,0,0,0,0,0,0,0,0,0,0,0,0,0,0,0,0,0,0,0,0,0,0,0,0,0,0,0,0,0,0,0,0,0,0,0,0,0,0,0,0,0,0,0,0,0,0,0,0,0,0,0,0,0,0,0,0,0,0,1013,1014,1015,1016,
0,0,0,0,0,0,0,0,0,0,0,0,0,0,0,0,0,0,0,0,0,0,0,0,0,0,0,0,0,0,0,0,0,0,0,0,0,0,0,0,0,0,0,0,0,0,0,0,0,0,0,0,0,0,0,0,0,0,0,0,0,0,0,0,0,0,0,0,0,0,0,0,0,0,0,0,0,0,0,0,0,0,0,0,0,0,0,0,0,0,0,0,0,0,0,0,0,0,0,0,0,0,0,0,0,0,0,0,0,0,0,0,0,0,0,0,1073,1074,1075,1076,
0,0,0,0,0,0,0,0,0,0,0,0,0,0,0,0,0,0,0,0,0,0,0,0,0,0,0,0,0,0,0,0,0,0,0,0,0,0,0,0,0,0,0,0,0,0,0,0,0,0,0,0,0,0,0,0,0,0,0,2055,2056,2057,2058,0,0,0,0,0,0,0,0,0,0,0,0,0,0,0,0,0,0,0,0,0,0,0,0,0,0,0,0,0,0,0,0,0,0,0,0,0,0,0,0,0,0,0,0,0,0,0,0,0,0,0,0,0,773,774,775,776,
0,0,0,0,0,0,0,0,0,0,0,0,0,0,0,0,0,0,0,0,0,0,2055,2056,2057,2058,0,0,0,0,0,0,0,0,0,0,0,0,0,0,0,0,0,0,0,0,0,0,0,0,0,0,0,0,0,0,0,2113,2114,2115,2116,2117,2118,2119,2120,0,0,0,0,0,0,0,0,0,0,0,0,0,0,0,0,0,0,0,0,0,0,0,0,0,0,0,0,0,0,0,0,0,0,0,0,0,0,0,0,0,0,0,0,0,0,0,0,0,0,0,833,834,835,836,
0,0,0,0,0,0,0,0,0,0,0,0,0,0,0,0,0,0,0,0,2113,2114,2115,2116,2117,2118,2119,2120,0,0,0,0,0,0,0,0,0,0,0,0,0,0,0,0,0,0,0,0,0,0,0,0,0,0,0,0,0,2173,2174,2175,2176,2177,2178,2179,2180,0,0,0,0,0,0,0,0,0,0,0,0,0,0,0,0,0,0,0,0,0,0,0,0,0,0,0,0,0,0,0,0,0,0,0,0,0,0,0,0,0,0,0,0,0,0,0,0,0,0,0,893,894,895,896,
0,0,0,0,0,0,0,0,0,0,0,0,0,0,0,0,0,0,0,0,2173,2174,2175,2176,2177,2178,2179,2180,0,0,0,0,0,0,0,0,0,0,0,0,0,0,0,0,0,0,0,0,0,0,0,0,0,0,0,0,0,2233,2234,2235,2236,2237,2238,2239,2240,0,0,0,0,0,0,0,0,0,0,0,0,0,0,0,0,0,0,0,0,0,0,0,0,0,0,0,0,0,0,0,0,0,0,0,0,0,0,0,0,0,0,0,0,0,0,0,0,0,0,0,953,954,955,956,
0,0,0,0,0,0,0,0,0,0,0,0,0,0,0,0,0,0,0,0,2233,2234,2235,2236,2237,2238,2239,2240,0,0,0,0,0,0,0,0,0,0,0,0,0,0,0,0,0,0,0,0,0,0,0,0,0,0,0,0,0,2293,2294,2295,2296,2297,2298,2299,2300,0,0,0,0,0,0,0,0,0,0,0,0,0,0,0,0,0,0,0,0,0,0,0,0,0,0,0,0,0,0,0,0,0,0,0,0,0,0,0,0,0,0,0,0,0,0,0,0,0,0,0,1013,1014,1015,1016,
0,0,0,0,0,0,0,0,0,0,0,0,0,0,0,0,0,0,0,0,2293,2294,2295,2296,2297,2298,2299,2300,0,0,0,0,0,0,0,0,0,0,0,0,0,0,2055,2056,2057,2058,0,0,0,0,0,0,0,0,0,0,0,2353,2354,2355,2356,2357,2358,2359,2360,0,0,0,0,0,0,0,0,0,0,0,0,0,0,0,0,0,0,0,0,0,0,0,0,0,0,0,0,0,2055,2056,2057,2058,0,0,0,0,0,0,0,0,0,0,0,0,0,0,0,0,0,0,1073,1074,1075,1076,
0,0,0,0,0,0,0,0,0,0,0,0,0,0,0,0,0,0,0,0,2353,2354,2355,2356,2357,2358,2359,2360,0,0,0,0,0,0,0,0,0,0,0,0,2113,2114,2115,2116,2117,2118,2119,2120,0,0,0,0,0,0,0,0,0,2413,2414,2415,2416,2417,2418,2419,2420,0,0,0,0,0,0,0,0,0,0,0,0,0,0,0,0,0,0,0,0,0,0,0,0,0,0,0,2113,2114,2115,2116,2117,2118,2119,2120,0,0,0,0,0,0,0,0,0,0,0,0,0,0,0,0,773,774,775,776,
0,0,0,0,0,0,0,0,0,0,0,0,0,0,0,0,0,0,0,0,2413,2414,2415,2416,2417,2418,2419,2420,0,0,0,0,0,0,0,0,0,0,0,0,2173,2174,2175,2176,2177,2178,2179,2180,0,0,0,0,0,0,0,0,0,0,2474,2475,2476,2477,2478,2479,2480,0,0,0,0,0,0,0,0,0,0,0,0,0,0,0,0,0,0,0,0,0,0,0,0,0,0,0,2173,2174,2175,2176,2177,2178,2179,2180,0,0,0,0,0,0,0,0,0,0,0,0,0,0,0,0,833,834,835,836,
0,0,0,0,0,0,0,0,0,0,0,0,0,0,0,0,0,0,0,0,0,2474,2475,2476,2477,2478,2479,2480,0,0,0,0,0,0,0,0,0,0,0,0,2233,2234,2235,2236,2237,2238,2239,2240,0,0,0,0,0,0,0,0,0,0,0,0,0,0,0,0,0,0,0,0,0,0,0,0,0,0,0,0,0,0,0,0,0,0,0,0,0,0,0,0,0,0,0,0,2233,2234,2235,2236,2237,2238,2239,2240,0,0,0,0,0,0,0,0,0,0,0,0,0,0,0,0,893,894,895,896,
0,0,0,0,0,0,0,0,0,0,0,0,0,0,0,0,0,0,0,0,0,0,0,0,0,0,0,0,0,0,0,0,0,0,0,0,0,0,0,0,2293,2294,2295,2296,2297,2298,2299,2300,0,0,0,0,0,0,0,0,0,0,0,0,0,0,0,0,0,0,0,0,0,0,0,0,0,0,0,0,0,0,0,0,0,0,0,0,0,0,0,0,0,0,0,0,2293,2294,2295,2296,2297,2298,2299,2300,0,0,0,0,0,0,0,0,0,0,0,0,0,0,0,0,953,954,955,956,
0,0,0,0,0,0,0,0,0,0,0,0,0,0,0,0,0,0,0,0,0,0,0,0,0,0,0,0,0,0,0,0,0,0,0,0,0,0,0,0,2353,2354,2355,2356,2357,2358,2359,2360,0,0,0,0,0,0,0,0,0,0,0,0,0,0,0,0,0,0,0,0,0,0,0,0,0,0,0,0,0,0,0,0,0,0,0,0,0,0,0,0,0,0,0,0,2353,2354,2355,2356,2357,2358,2359,2360,0,0,0,0,0,0,0,0,0,0,0,0,0,0,0,0,1013,1014,1015,1016,
0,0,0,0,0,0,0,0,0,0,0,0,0,0,0,0,0,0,0,0,0,0,0,0,0,0,0,0,0,0,0,0,0,0,0,0,0,0,0,0,2413,2414,2415,2416,2417,2418,2419,2420,0,0,0,0,0,0,0,0,0,0,0,0,0,0,0,0,0,0,0,0,0,0,0,0,0,0,0,0,0,0,0,0,0,0,0,0,0,0,0,0,0,0,0,0,2413,2414,2415,2416,2417,2418,2419,2420,0,0,0,0,0,0,0,0,0,0,0,0,0,0,0,0,1073,1074,1075,1076,
0,0,0,0,0,0,0,0,0,0,0,0,0,0,0,0,0,0,0,0,0,0,0,0,0,0,0,0,0,0,0,0,0,0,0,0,0,0,0,0,0,2474,2475,2476,2477,2478,2479,2480,0,0,0,0,0,0,0,0,0,0,0,0,0,0,0,0,0,0,0,0,0,0,0,0,0,0,0,0,0,0,0,0,0,0,0,0,0,0,0,0,0,0,0,0,0,2474,2475,2476,2477,2478,2479,2480,0,0,0,0,0,0,0,0,0,0,0,0,0,0,0,0,773,774,775,776,
0,0,0,0,0,0,0,0,0,0,0,0,0,0,0,0,0,0,0,0,0,0,0,0,0,0,0,0,0,0,0,0,0,0,0,0,0,0,0,0,0,0,0,0,0,0,0,0,0,0,0,0,0,0,0,0,0,0,0,0,0,0,0,0,0,0,0,0,0,0,0,0,0,0,0,0,0,0,0,0,0,0,0,0,0,0,0,0,0,0,0,0,0,0,0,0,0,0,0,0,0,0,0,0,0,0,0,0,0,0,0,0,0,0,0,0,833,834,835,836,
0,0,0,0,0,0,0,0,0,0,0,0,0,0,0,0,0,0,0,0,0,0,0,0,0,0,0,0,0,0,0,0,0,0,0,0,0,0,0,0,0,0,0,0,0,0,0,0,0,0,0,0,0,0,0,0,0,0,0,0,0,0,0,0,0,0,0,0,0,0,0,0,0,0,0,0,0,0,0,0,0,0,0,0,0,0,0,0,0,0,0,0,0,0,0,0,0,0,0,0,0,0,0,0,0,0,0,0,0,0,0,0,0,0,0,0,893,894,895,896,
0,0,0,0,0,0,0,0,0,0,0,0,0,0,0,0,0,0,0,0,0,0,0,0,0,0,0,0,0,0,0,0,0,0,0,0,0,0,0,0,0,0,0,0,0,0,0,0,0,0,0,0,0,0,0,0,0,0,0,0,0,0,0,0,0,0,0,0,0,0,0,0,0,0,0,0,0,0,0,2055,2056,2057,2058,0,0,0,0,0,0,0,0,0,0,0,0,0,0,0,0,0,0,0,0,0,0,0,0,0,0,0,0,0,0,0,0,0,953,954,955,956,
0,0,0,0,0,0,0,0,0,0,0,0,0,0,0,0,0,0,0,0,0,0,0,0,0,0,0,0,0,0,0,0,0,0,0,0,0,0,0,0,0,0,0,0,0,0,0,0,0,0,0,0,0,0,0,0,0,0,0,0,0,0,0,0,0,0,0,0,0,0,0,0,0,0,0,0,0,2113,2114,2115,2116,2117,2118,2119,2120,0,0,0,0,0,0,0,0,0,0,0,0,0,0,0,0,0,0,0,0,0,0,0,0,0,0,0,0,0,0,0,1013,1014,1015,1016,
0,0,0,0,0,0,0,0,0,0,0,0,0,0,0,0,0,0,0,0,0,0,0,0,0,0,0,0,0,0,0,0,0,0,0,0,0,0,0,0,0,0,0,0,0,0,0,0,0,0,0,0,0,0,0,0,0,0,0,0,0,0,0,0,0,0,0,0,0,0,0,0,0,0,0,0,0,2173,2174,2175,2176,2177,2178,2179,2180,0,0,0,0,0,0,0,0,0,0,0,0,0,0,0,0,0,0,0,0,0,0,0,0,0,0,0,0,0,0,0,1073,1074,1075,1076,
0,0,0,0,0,0,0,0,0,0,0,0,0,0,0,0,0,0,0,0,0,0,0,0,0,0,0,0,0,0,0,0,0,0,0,0,0,0,0,0,0,0,0,0,0,0,0,0,0,0,0,0,0,0,0,0,0,0,0,0,0,0,0,0,0,0,0,0,0,0,0,0,0,0,0,0,0,2233,2234,2235,2236,2237,2238,2239,2240,0,0,0,0,0,0,0,0,0,0,0,0,0,0,0,0,0,0,0,0,0,0,0,0,0,0,0,0,0,0,0,773,774,775,776,
0,0,0,0,0,0,0,0,0,0,0,0,0,0,0,0,0,0,0,0,0,0,0,0,0,0,0,0,0,0,0,0,0,0,0,0,0,0,0,0,0,0,0,0,0,0,0,0,0,0,0,0,0,0,0,0,0,0,0,0,0,0,0,0,0,0,0,0,0,0,0,0,0,0,0,0,0,2293,2294,2295,2296,2297,2298,2299,2300,0,0,0,0,0,0,0,0,0,0,0,0,0,0,0,0,0,0,0,0,0,0,0,0,0,0,0,0,0,0,0,833,834,835,836,
0,0,0,0,0,0,0,0,0,0,0,0,0,0,0,0,0,0,0,0,0,0,0,0,0,0,0,0,0,0,0,0,0,0,0,0,0,0,0,0,0,0,0,0,0,0,0,0,0,0,0,0,0,0,0,0,0,0,0,0,0,0,0,0,0,0,0,0,0,0,0,0,0,0,0,0,0,2353,2354,2355,2356,2357,2358,2359,2360,0,0,0,0,0,0,0,0,0,0,0,0,0,0,0,0,0,0,0,0,0,0,0,0,0,0,0,0,0,0,0,893,894,895,896,
0,0,0,0,0,0,0,0,0,0,0,0,0,0,0,0,0,0,0,0,0,0,0,0,0,0,0,0,0,0,0,0,0,0,0,0,0,0,0,0,0,0,0,0,0,0,0,0,0,0,0,0,0,0,0,0,0,0,0,0,0,0,0,0,0,0,0,0,0,0,0,0,0,0,0,0,0,2413,2414,2415,2416,2417,2418,2419,2420,0,0,0,0,0,0,0,0,0,0,0,0,0,0,2055,2056,2057,2058,0,0,0,0,0,0,0,0,0,0,0,0,0,953,954,955,956,
0,0,0,0,0,0,0,0,0,0,0,0,0,0,0,0,0,0,0,0,0,0,0,0,0,0,0,0,2055,2056,2057,2058,0,0,0,0,0,0,0,0,0,0,0,0,0,0,0,0,0,0,0,0,0,0,0,0,0,0,0,0,0,0,0,0,0,0,0,0,0,0,0,0,0,0,0,0,0,0,2474,2475,2476,2477,2478,2479,2480,0,0,0,0,0,0,0,0,0,0,0,0,2113,2114,2115,2116,2117,2118,2119,2120,0,0,0,0,0,0,0,0,0,0,0,1013,1014,1015,1016,
0,0,0,0,0,0,0,0,0,0,0,0,0,0,0,0,0,0,0,0,0,0,0,0,0,0,2113,2114,2115,2116,2117,2118,2119,2120,0,0,0,0,0,0,0,0,0,0,0,0,0,0,0,0,0,0,0,0,0,0,0,0,0,0,0,0,0,0,0,0,0,0,0,0,0,0,0,0,0,0,0,0,0,0,0,0,0,0,0,0,0,0,0,0,0,0,0,0,0,0,0,2173,2174,2175,2176,2177,2178,2179,2180,0,0,0,0,0,0,0,0,0,0,0,1073,1074,1075,1076,
0,0,0,0,0,0,0,0,0,0,0,0,0,0,0,0,0,0,0,0,0,0,0,0,0,0,2173,2174,2175,2176,2177,2178,2179,2180,0,0,0,0,0,0,0,0,0,0,0,0,0,0,0,0,0,0,0,0,0,0,0,0,0,0,0,0,0,0,0,0,0,0,0,0,0,0,0,0,0,0,0,0,0,0,0,0,0,0,0,0,0,0,0,0,0,0,0,0,0,0,0,2233,2234,2235,2236,2237,2238,2239,2240,0,0,0,0,0,0,0,0,0,0,0,773,774,775,776,
0,0,0,0,0,0,0,0,0,0,0,0,0,0,0,0,0,0,0,0,0,0,0,0,0,0,2233,2234,2235,2236,2237,2238,2239,2240,0,0,0,0,0,0,0,0,0,0,0,0,0,0,0,0,0,0,0,0,0,0,0,0,0,0,0,0,0,0,0,0,0,0,0,0,0,0,0,0,0,0,0,0,0,0,0,0,0,0,0,0,0,0,0,0,0,0,0,0,0,0,0,2293,2294,2295,2296,2297,2298,2299,2300,0,0,0,0,0,0,0,0,0,0,0,833,834,835,836,
0,0,0,0,0,0,0,0,0,0,0,0,0,0,0,0,0,0,0,0,0,0,0,0,0,0,2293,2294,2295,2296,2297,2298,2299,2300,0,0,0,0,0,0,0,0,0,0,0,0,0,0,0,0,0,0,0,0,0,0,0,0,0,0,0,0,0,0,0,0,0,0,0,0,0,0,0,0,0,0,0,0,0,0,0,0,0,0,0,0,0,0,0,0,0,0,0,0,0,0,0,2353,2354,2355,2356,2357,2358,2359,2360,0,0,0,0,0,0,0,0,0,0,0,893,894,895,896,
0,0,0,0,0,0,0,0,0,0,0,0,0,2055,2056,2057,2058,0,0,0,0,0,0,0,0,0,2353,2354,2355,2356,2357,2358,2359,2360,0,0,0,0,0,0,0,0,0,0,0,0,0,0,0,0,0,0,0,0,0,0,0,0,0,0,0,0,0,0,0,0,0,0,0,0,0,0,0,0,0,0,0,0,0,0,0,0,0,0,0,0,0,0,0,0,0,0,0,0,0,0,0,2413,2414,2415,2416,2417,2418,2419,2420,0,0,0,0,0,0,0,0,0,0,0,953,954,955,956,
0,0,0,0,0,0,0,0,0,0,0,2113,2114,2115,2116,2117,2118,2119,2120,0,0,0,0,0,0,0,2413,2414,2415,2416,2417,2418,2419,2420,0,0,0,0,0,0,0,0,0,0,0,0,0,0,0,0,0,0,0,0,0,0,0,0,0,0,0,0,0,0,0,0,0,0,0,0,0,0,0,0,0,0,0,0,0,0,0,0,0,0,0,0,0,0,0,0,0,0,0,0,0,0,0,0,2474,2475,2476,2477,2478,2479,2480,0,0,0,0,0,0,0,0,0,0,0,1013,1014,1015,1016,
0,0,0,0,0,0,0,0,0,0,0,2173,2174,2175,2176,2177,2178,2179,2180,0,0,0,0,0,0,0,0,2474,2475,2476,2477,2478,2479,2480,0,0,0,0,0,0,0,0,0,0,0,0,0,2055,2056,2057,2058,0,0,0,0,0,0,0,0,0,0,0,0,0,0,0,0,0,0,0,0,0,0,0,0,0,0,0,0,0,0,0,0,0,0,0,0,0,0,0,0,0,0,0,0,0,0,0,0,0,0,0,0,0,0,0,0,0,0,0,0,0,0,0,0,0,1073,1074,1075,1076,
0,0,0,0,0,0,0,0,0,0,0,2233,2234,2235,2236,2237,2238,2239,2240,0,0,0,0,0,0,0,0,0,0,0,0,0,0,0,0,0,0,0,0,0,0,0,0,0,0,2113,2114,2115,2116,2117,2118,2119,2120,0,0,0,0,0,0,0,0,0,0,0,0,0,0,0,0,0,0,0,0,0,0,0,0,0,0,0,0,0,0,0,0,0,0,0,0,0,0,0,0,0,0,0,0,0,0,0,0,0,0,0,0,0,0,0,0,0,0,0,0,0,0,0,773,774,775,776,
2055,2056,2057,2058,2059,2060,0,0,0,0,0,2293,2294,2295,2296,2297,2298,2299,2300,0,0,0,0,0,0,0,0,0,0,0,0,0,0,0,0,0,0,0,0,0,0,0,0,0,0,2173,2174,2175,2176,2177,2178,2179,2180,0,0,0,0,0,0,0,0,0,0,0,0,0,0,0,0,0,0,0,0,0,0,0,0,0,0,0,0,0,0,0,0,0,0,0,0,0,0,0,0,0,0,0,0,0,0,0,0,0,0,0,0,0,0,0,0,0,0,0,0,0,0,0,833,834,835,836,
2115,2116,2117,2118,2119,2120,0,0,0,0,0,2353,2354,2355,2356,2357,2358,2359,2360,0,0,0,0,0,0,0,0,0,0,0,0,0,0,0,0,0,0,0,0,0,0,0,0,0,0,2233,2234,2235,2236,2237,2238,2239,2240,0,0,0,0,0,0,0,0,0,0,0,0,0,0,0,0,0,0,0,0,0,0,0,0,0,0,0,0,0,0,0,0,0,0,0,0,0,0,0,0,0,0,0,0,0,0,0,0,0,0,0,0,0,0,0,0,0,0,0,0,0,0,0,893,894,895,896,
2175,2176,2177,2178,2179,2180,0,0,0,0,0,2413,2414,2415,2416,2417,2418,2419,2420,0,0,0,0,0,0,0,0,0,0,0,0,0,0,0,0,0,0,0,0,0,0,0,0,0,0,2293,2294,2295,2296,2297,2298,2299,2300,0,0,0,0,0,0,0,0,0,0,0,0,0,0,0,0,0,0,0,2055,2056,2057,2058,0,0,0,0,0,0,0,0,0,0,0,0,0,0,0,0,0,0,0,0,0,0,0,0,0,0,0,0,0,0,0,0,0,0,0,0,0,0,0,0,953,954,955,956,
2235,2236,2237,2238,2239,2240,0,0,0,0,0,0,2474,2475,2476,2477,2478,2479,2480,0,0,0,0,0,0,0,0,0,0,0,0,0,0,0,0,0,0,0,0,0,0,0,0,0,0,2353,2354,2355,2356,2357,2358,2359,2360,0,0,0,0,0,0,0,0,0,0,0,0,0,0,0,0,0,2113,2114,2115,2116,2117,2118,2119,2120,0,0,0,0,0,0,0,0,0,0,0,0,0,0,0,0,0,0,0,0,0,0,0,0,0,0,0,0,0,0,0,0,0,0,0,0,0,0,1013,1014,1015,1016,
2295,2296,2297,2298,2299,2300,0,0,0,0,0,0,0,0,0,0,0,0,0,0,0,0,0,0,0,0,0,0,0,0,0,0,0,0,0,0,0,0,0,0,0,0,0,0,0,2413,2414,2415,2416,2417,2418,2419,2420,0,0,0,0,0,0,0,0,0,0,0,0,0,0,0,0,0,2173,2174,2175,2176,2177,2178,2179,2180,0,0,0,0,0,0,0,0,0,0,0,0,0,0,0,0,0,0,0,0,0,0,0,0,0,0,0,0,0,0,2055,2056,2057,2058,0,0,0,0,1073,1074,1075,1076,
2355,2356,2357,2358,2359,2360,0,0,0,0,0,0,0,0,0,0,0,0,0,0,0,0,0,0,0,0,0,0,0,0,0,0,0,0,0,0,0,0,0,0,0,0,0,0,0,0,2474,2475,2476,2477,2478,2479,2480,0,0,0,0,0,0,0,0,0,0,0,0,0,0,0,0,0,2233,2234,2235,2236,2237,2238,2239,2240,0,0,0,0,0,0,0,0,0,0,0,0,0,0,0,0,0,0,0,0,0,0,0,0,0,0,0,0,2113,2114,2115,2116,2117,2118,2119,2120,0,0,773,774,775,776,
2415,2416,2417,2418,2419,2420,0,0,0,0,0,0,0,0,0,0,0,0,0,0,0,0,0,0,0,0,0,0,0,0,0,0,0,0,0,0,0,0,0,0,0,0,0,0,0,0,0,0,0,0,0,0,0,0,0,0,0,0,0,0,0,0,0,0,0,0,0,0,0,0,2293,2294,2295,2296,2297,2298,2299,2300,0,0,0,0,0,0,0,0,0,0,0,0,0,0,0,0,0,0,0,0,0,0,0,0,0,0,0,0,2173,2174,2175,2176,2177,2178,2179,2180,0,0,833,834,835,836,
2475,2476,2477,2478,2479,2480,0,0,0,0,0,0,0,0,0,0,0,0,0,0,0,0,0,0,0,0,0,0,0,0,0,0,0,0,0,0,0,0,0,0,0,0,0,0,0,0,0,0,0,0,0,0,0,0,0,0,0,0,0,0,0,0,0,0,0,0,0,0,0,0,2353,2354,2355,2356,2357,2358,2359,2360,0,0,0,0,0,0,0,0,0,0,0,0,0,0,0,0,0,0,0,0,0,0,0,0,0,0,0,0,2233,2234,2235,2236,2237,2238,2239,2240,0,0,893,894,895,896,
2175,2176,2177,2178,2179,2180,0,0,0,0,0,0,0,0,0,0,0,0,0,0,0,0,0,0,0,0,0,0,0,0,0,0,0,0,0,0,0,0,0,0,0,0,0,0,0,0,0,0,0,0,0,0,0,0,0,0,0,0,0,0,0,0,0,0,0,0,0,0,0,0,2413,2414,2415,2416,2417,2418,2419,2420,0,0,0,0,0,0,0,0,0,0,0,0,0,0,0,0,0,0,0,0,0,0,0,0,0,0,0,0,2293,2294,2295,2296,2297,2298,2299,2300,0,0,953,954,955,956,
2235,2236,2237,2238,2239,2240,0,0,0,0,0,0,0,0,0,0,0,0,0,0,0,0,0,0,0,0,0,0,0,0,0,0,0,0,0,0,0,0,0,0,0,0,0,0,0,0,0,0,0,0,0,0,0,0,0,0,0,0,0,0,0,0,0,0,0,0,0,0,0,0,0,2474,2475,2476,2477,2478,2479,2480,0,0,0,0,0,0,0,0,0,0,0,0,0,0,0,0,0,0,0,0,0,0,0,0,0,0,0,0,2353,2354,2355,2356,2357,2358,2359,2360,0,0,1013,1014,1015,1016,
2295,2296,2297,2298,2299,2300,0,0,0,0,0,0,0,0,0,0,0,0,0,0,0,0,0,0,0,0,0,0,0,0,0,0,0,0,0,0,0,0,0,0,0,0,0,0,0,0,0,0,0,0,0,0,0,0,0,0,0,0,0,0,0,0,0,0,0,0,0,0,0,0,0,0,0,0,0,0,0,0,0,0,0,0,0,0,0,0,0,0,0,0,0,0,0,0,0,0,0,0,0,0,0,0,0,0,0,0,2413,2414,2415,2416,2417,2418,2419,2420,0,0,1073,1074,1075,1076,
2355,2356,2357,2358,2359,2360,0,0,0,0,0,0,0,0,0,0,0,0,0,0,0,0,0,0,0,0,0,0,0,0,0,0,0,0,0,0,0,0,0,0,0,0,0,0,0,0,0,0,0,0,0,0,0,0,0,0,0,0,0,0,0,0,0,0,0,0,0,0,0,0,0,0,0,0,0,0,0,0,0,0,0,0,0,0,0,0,0,0,0,0,0,0,0,0,0,0,0,0,0,0,0,0,0,0,0,0,0,2474,2475,2476,2477,2478,2479,2480,0,0,773,774,775,776,
2415,2416,2417,2418,2419,2420,0,0,0,0,0,0,0,0,0,0,0,0,0,0,0,0,0,0,0,0,0,0,0,0,0,0,0,0,0,0,0,0,0,0,0,0,0,0,0,0,0,0,0,0,0,0,0,0,0,0,0,0,0,0,0,0,0,0,0,0,0,0,0,0,0,0,0,0,0,0,0,0,0,0,0,0,0,0,0,0,0,0,0,0,0,0,0,0,0,0,0,0,0,0,0,0,0,0,0,0,0,0,0,0,0,0,0,0,0,0,833,834,835,836,
2475,2476,2477,2478,2479,2480,0,0,0,0,0,0,0,0,0,0,0,0,0,0,0,0,0,0,0,0,0,0,0,0,0,0,0,0,0,0,0,0,0,0,0,0,0,0,0,0,0,0,0,0,0,0,0,0,0,0,0,0,0,0,0,0,0,0,0,0,0,0,0,0,0,0,0,0,0,0,0,0,0,0,0,0,0,0,0,0,0,0,0,0,0,0,0,0,0,0,0,0,0,0,0,0,0,0,0,0,0,0,0,0,0,0,0,0,0,0,893,894,895,896,
2175,2176,2177,2178,2179,2180,0,0,0,0,0,0,0,0,0,0,0,0,0,0,0,0,0,0,0,0,0,0,0,0,0,0,0,0,0,0,0,0,0,0,0,0,0,0,0,0,0,0,0,0,0,0,0,0,0,0,0,0,0,0,0,0,0,0,0,0,0,0,0,0,0,0,0,0,0,0,0,0,0,0,0,0,0,0,0,0,0,0,0,0,0,0,0,0,0,0,0,0,0,0,0,0,0,0,0,0,0,0,0,0,0,0,0,0,0,0,953,954,955,956,
2235,2236,2237,2238,2239,2240,0,0,0,0,0,0,0,0,0,0,0,0,0,0,0,0,0,0,0,0,0,0,0,0,0,0,0,0,0,0,0,0,0,0,0,0,0,0,0,0,0,0,0,0,0,0,0,0,0,0,0,0,0,0,0,0,0,0,0,0,0,0,0,0,0,0,0,0,0,0,0,0,0,0,0,0,0,0,0,0,0,0,0,0,0,0,0,0,0,0,0,0,0,0,0,0,0,0,0,0,0,0,0,0,0,0,0,0,0,0,1013,1014,1015,1016,
2295,2296,2297,2298,2299,2300,0,0,0,0,0,0,0,0,0,0,0,0,0,0,0,0,0,0,0,0,0,0,0,0,0,0,0,0,0,0,0,0,0,0,0,0,0,0,0,0,0,0,0,0,0,0,0,0,0,0,0,0,0,0,0,0,0,0,0,0,0,0,0,0,0,0,0,0,0,0,0,0,0,0,0,0,0,0,0,0,0,0,0,0,0,0,0,0,0,0,0,0,0,0,0,0,0,0,0,0,0,0,0,0,0,0,0,0,0,0,1073,1074,1075,1076
0,0,0,0,0,0,0,0,0,0,0,0,0,0,0,0,0,0,0,0,0,0,0,0,0,0,0,0,0,0,0,0,0,0,0,0,0,0,0,0,0,0,0,0,0,0,0,0,0,0,0,0,0,0,0,0,0,0,0,0,0,0,0,0,0,0,0,0,0,0,0,0,0,0,0,0,0,0,0,0,0,0,0,0,0,0,0,0,0,0,0,0,0,0,0,0,0,0,0,0,0,0,0,0,0,0,0,0,0,0,0,0,0,0,0,0,0,0,0,0,
0,0,0,0,0,0,0,0,0,0,0,0,0,0,0,0,0,0,0,0,0,0,0,0,0,0,0,0,0,0,0,0,0,0,0,0,0,0,0,0,0,0,0,0,0,0,0,0,0,0,0,0,0,0,0,0,0,0,0,0,0,0,0,0,0,0,0,0,0,0,0,0,0,0,0,0,0,0,0,0,0,0,0,0,0,0,0,0,0,0,0,0,0,0,0,0,0,0,0,0,0,0,0,0,0,0,0,0,0,0,0,0,0,0,0,0,0,0,0,0,
0,0,0,0,0,0,0,0,0,0,0,0,0,0,0,0,0,0,0,0,0,0,0,0,0,0,0,0,0,0,0,0,0,0,0,0,0,0,0,0,0,0,0,0,0,0,0,0,0,0,0,0,0,0,0,0,0,0,0,0,0,0,0,0,0,0,0,0,0,0,0,0,0,0,0,0,0,0,0,0,0,0,0,0,0,0,0,0,0,0,0,0,0,0,0,0,0,0,0,0,0,0,0,0,0,0,0,0,0,0,0,0,0,0,0,0,0,0,0,0,
0,0,0,0,0,0,0,0,0,0,0,0,0,0,0,0,0,0,0,0,0,0,0,0,0,0,0,0,0,0,0,0,0,0,0,0,0,0,0,0,0,0,0,0,0,0,0,0,0,0,0,0,0,0,0,0,0,0,0,0,0,0,0,0,0,0,0,0,0,0,0,0,0,0,0,0,0,0,0,0,0,0,0,0,0,0,0,0,0,0,0,0,0,0,0,0,0,0,0,0,0,0,0,0,0,0,0,0,0,0,0,0,0,0,0,0,0,0,0,0,
0,0,0,0,0,0,0,0,0,0,0,0,0,0,0,0,0,0,0,0,0,0,0,0,0,0,0,0,0,0,0,0,0,0,0,0,0,0,0,0,0,0,0,0,0,0,0,0,0,0,0,0,0,0,0,0,0,0,0,0,0,0,0,0,0,0,0,0,0,0,0,0,0,0,0,0,0,0,0,0,0,0,0,0,0,0,0,0,0,0,0,0,0,0,0,0,0,0,0,0,0,0,0,0,0,0,0,0,0,0,0,0,0,0,0,0,653,654,655,656,
0,0,0,0,0,0,0,0,0,0,0,0,0,0,0,0,0,0,0,0,0,0,0,0,0,0,0,0,0,0,0,0,0,0,0,0,0,0,0,0,0,0,0,0,0,0,0,0,0,0,0,0,0,0,0,0,0,0,0,0,0,0,0,0,0,0,0,0,0,0,0,0,0,0,0,0,0,0,0,0,0,0,0,0,0,0,0,0,0,0,0,0,0,0,0,0,0,0,0,0,0,0,0,0,0,0,0,0,0,0,0,0,0,0,0,0,713,714,715,716,
0,0,0,0,0,0,0,0,0,0,0,0,0,0,0,0,0,0,0,0,0,0,0,0,0,0,0,0,0,0,0,0,0,0,0,0,0,0,0,0,0,0,0,0,0,0,0,0,0,0,0,0,0,0,0,0,0,0,0,0,0,0,0,0,0,0,0,0,0,0,0,0,0,0,0,0,0,0,0,0,0,0,0,0,0,0,0,0,0,0,0,0,0,0,0,0,0,0,0,0,0,0,0,0,0,0,0,0,0,0,0,0,0,0,0,0,0,0,0,0,
0,0,0,0,0,0,0,0,0,0,0,0,0,0,0,0,0,0,0,0,0,0,0,0,0,0,0,0,0,0,0,0,0,0,0,0,0,0,0,0,0,0,0,0,0,0,0,0,0,0,0,0,0,0,0,0,0,0,0,0,0,0,0,0,0,0,0,0,0,0,0,0,0,0,0,0,0,0,0,0,0,0,0,0,0,0,0,0,0,0,0,0,0,0,0,0,0,0,0,0,0,0,0,0,0,0,0,0,0,0,0,0,0,0,0,0,0,0,0,0,
0,0,0,0,0,0,0,0,0,0,0,0,0,0,0,0,0,0,0,0,0,0,0,0,0,0,0,0,0,0,0,0,0,0,0,0,0,0,0,0,0,0,0,0,0,0,0,0,0,0,0,0,0,0,0,0,0,0,0,0,0,0,0,0,0,0,0,0,0,0,0,0,0,0,0,0,0,0,0,0,0,0,0,0,0,0,0,0,0,0,0,0,0,0,0,0,0,0,0,0,0,0,0,0,0,0,0,0,0,0,0,0,0,0,0,0,0,0,0,0,
0,0,0,0,0,0,0,0,0,0,0,0,0,0,0,0,0,0,0,0,0,0,0,0,0,0,0,0,0,0,0,0,0,0,0,0,0,0,0,0,0,0,0,0,0,0,0,0,0,0,0,0,0,0,0,0,0,0,0,0,0,0,0,0,0,0,0,0,0,0,0,0,0,0,0,0,0,0,0,0,0,0,0,0,0,0,0,0,0,0,0,0,0,0,0,0,0,0,0,0,0,0,0,0,0,0,0,0,0,0,0,0,0,0,0,0,0,0,0,0,
0,0,0,0,0,0,0,0,0,0,0,0,0,0,0,0,0,0,0,0,0,0,0,0,0,0,0,0,0,0,0,0,0,0,0,0,0,0,0,0,0,0,0,0,0,0,0,0,0,0,0,0,0,0,0,0,0,0,0,0,0,0,0,0,0,0,0,0,0,0,0,0,0,0,0,0,0,0,0,0,0,0,0,0,0,0,0,0,0,0,0,0,0,0,0,0,0,0,0,0,0,0,0,0,0,0,0,0,0,0,0,0,0,0,0,0,653,654,655,656,
0,0,0,0,0,0,0,0,0,0,0,0,0,0,0,0,0,0,0,0,0,0,0,0,0,0,0,0,0,0,0,0,0,0,0,0,0,0,0,0,0,0,0,0,0,0,0,0,0,0,0,0,0,0,0,0,0,0,0,0,0,0,0,0,0,0,0,0,0,0,0,0,0,0,0,0,0,0,0,0,0,0,0,0,0,0,0,0,0,0,0,0,0,0,0,0,0,0,0,0,0,0,0,0,0,0,0,0,0,0,0,0,0,0,0,0,713,714,715,716,
0,0,0,0,0,0,0,0,0,0,0,0,0,0,0,0,0,0,0,0,0,0,0,0,0,0,0,0,0,0,0,0,0,0,0,0,0,0,0,0,0,0,0,0,0,0,0,0,0,0,0,0,0,0,0,0,0,0,0,2055,2056,2057,2058,0,0,0,0,0,0,0,0,0,0,0,0,0,0,0,0,0,0,0,0,0,0,0,0,0,0,0,0,0,0,0,0,0,0,0,0,0,0,0,0,0,0,0,0,0,0,0,0,0,0,0,0,0,0,0,0,0,
0,0,0,0,0,0,0,0,0,0,0,0,0,0,0,0,0,0,0,0,0,0,2055,2056,2057,2058,0,0,0,0,0,0,0,0,0,0,0,0,0,0,0,0,0,0,0,0,0,0,0,0,0,0,0,0,0,0,0,2113,2114,2115,2116,2117,2118,2119,2120,0,0,0,0,0,0,0,0,0,0,0,0,0,0,0,0,0,0,0,0,0,0,0,0,0,0,0,0,0,0,0,0,0,0,0,0,0,0,0,0,0,0,0,0,0,0,0,0,0,0,0,0,0,0,0,
0,0,0,0,0,0,0,0,0,0,0,0,0,0,0,0,0,0,0,0,2113,2114,2115,2116,2117,2118,2119,2120,0,0,0,0,0,0,0,0,0,0,0,0,0,0,0,0,0,0,0,0,0,0,0,0,0,0,0,0,0,0,0,0,0,0,0,0,0,0,0,0,0,0,0,0,0,0,0,0,0,0,0,0,0,0,0,0,0,0,0,0,0,0,0,0,0,0,0,0,0,0,0,0,0,0,0,0,0,0,0,0,0,0,0,0,0,0,0,0,0,0,0,0,
0,0,0,0,0,0,0,0,0,0,0,0,0,0,0,0,0,0,0,0,0,0,0,0,0,0,0,0,0,0,0,0,0,0,0,0,0,0,0,0,0,0,0,0,0,0,0,0,0,0,0,0,0,0,0,0,0,0,0,0,0,0,0,0,0,0,0,0,0,0,0,0,0,0,0,0,0,0,0,0,0,0,0,0,0,0,0,0,0,0,0,0,0,0,0,0,0,0,0,0,0,0,0,0,0,0,0,0,0,0,0,0,0,0,0,0,0,0,0,0,
0,0,0,0,0,0,0,0,0,0,0,0,0,0,0,0,0,0,0,0,0,0,0,0,0,0,0,0,0,0,0,0,0,0,0,0,0,0,0,0,0,0,0,0,0,0,0,0,0,0,0,0,0,0,0,0,0,0,0,0,0,0,0,0,0,0,0,0,0,0,0,0,0,0,0,0,0,0,0,0,0,0,0,0,0,0,0,0,0,0,0,0,0,0,0,0,0,0,0,0,0,0,0,0,0,0,0,0,0,0,0,0,0,0,0,0,653,654,655,656,
0,0,0,0,0,0,0,0,0,0,0,0,0,0,0,0,0,0,0,0,0,0,0,0,0,0,0,0,0,0,0,0,0,0,0,0,0,0,0,0,0,0,2055,2056,2057,2058,0,0,0,0,0,0,0,0,0,0,0,0,0,0,0,0,0,0,0,0,0,0,0,0,0,0,0,0,0,0,0,0,0,0,0,0,0,0,0,0,0,0,0,0,0,0,0,0,2055,2056,2057,2058,0,0,0,0,0,0,0,0,0,0,0,0,0,0,0,0,0,0,713,714,715,716,
0,0,0,0,0,0,0,0,0,0,0,0,0,0,0,0,0,0,0,0,0,0,0,0,0,0,0,0,0,0,0,0,0,0,0,0,0,0,0,0,2113,2114,2115,2116,2117,2118,2119,2120,0,0,0,0,0,0,0,0,0,0,0,0,0,0,0,0,0,0,0,0,0,0,0,0,0,0,0,0,0,0,0,0,0,0,0,0,0,0,0,0,0,0,0,0,2113,2114,2115,2116,2117,2118,2119,2120,0,0,0,0,0,0,0,0,0,0,0,0,0,0,0,0,0,0,0,0,
0,0,0,0,0,0,0,0,0,0,0,0,0,0,0,0,0,0,0,0,0,0,0,0,0,0,0,0,0,0,0,0,0,0,0,0,0,0,0,0,0,0,0,0,0,0,0,0,0,0,0,0,0,0,0,0,0,0,0,0,0,0,0,0,0,0,0,0,0,0,0,0,0,0,0,0,0,0,0,0,0,0,0,0,0,0,0,0,0,0,0,0,0,0,0,0,0,0,0,0,0,0,0,0,0,0,0,0,0,0,0,0,0,0,0,0,0,0,0,0,
0,0,0,0,0,0,0,0,0,0,0,0,0,0,0,0,0,0,0,0,0,0,0,0,0,0,0,0,0,0,0,0,0,0,0,0,0,0,0,0,0,0,0,0,0,0,0,0,0,0,0,0,0,0,0,0,0,0,0,0,0,0,0,0,0,0,0,0,0,0,0,0,0,0,0,0,0,0,0,0,0,0,0,0,0,0,0,0,0,0,0,0,0,0,0,0,0,0,0,0,0,0,0,0,0,0,0,0,0,0,0,0,0,0,0,0,0,0,0,0,
0,0,0,0,0,0,0,0,0,0,0,0,0,0,0,0,0,0,0,0,0,0,0,0,0,0,0,0,0,0,0,0,0,0,0,0,0,0,0,0,0,0,0,0,0,0,0,0,0,0,0,0,0,0,0,0,0,0,0,0,0,0,0,0,0,0,0,0,0,0,0,0,0,0,0,0,0,0,0,0,0,0,0,0,0,0,0,0,0,0,0,0,0,0,0,0,0,0,0,0,0,0,0,0,0,0,0,0,0,0,0,0,0,0,0,0,0,0,0,0,
0,0,0,0,0,0,0,0,0,0,0,0,0,0,0,0,0,0,0,0,0,0,0,0,0,0,0,0,0,0,0,0,0,0,0,0,0,0,0,0,0,0,0,0,0,0,0,0,0,0,0,0,0,0,0,0,0,0,0,0,0,0,0,0,0,0,0,0,0,0,0,0,0,0,0,0,0,0,0,0,0,0,0,0,0,0,0,0,0,0,0,0,0,0,0,0,0,0,0,0,0,0,0,0,0,0,0,0,0,0,0,0,0,0,0,0,653,654,655,656,
0,0,0,0,0,0,0,0,0,0,0,0,0,0,0,0,0,0,0,0,0,0,0,0,0,0,0,0,0,0,0,0,0,0,0,0,0,0,0,0,0,0,0,0,0,0,0,0,0,0,0,0,0,0,0,0,0,0,0,0,0,0,0,0,0,0,0,0,0,0,0,0,0,0,0,0,0,0,0,0,0,0,0,0,0,0,0,0,0,0,0,0,0,0,0,0,0,0,0,0,0,0,0,0,0,0,0,0,0,0,0,0,0,0,0,0,713,714,715,716,
0,0,0,0,0,0,0,0,0,0,0,0,0,0,0,0,0,0,0,0,0,0,0,0,0,0,0,0,0,0,0,0,0,0,0,0,0,0,0,0,0,0,0,0,0,0,0,0,0,0,0,0,0,0,0,0,0,0,0,0,0,0,0,0,0,0,0,0,0,0,0,0,0,0,0,0,0,0,0,0,0,0,0,0,0,0,0,0,0,0,0,0,0,0,0,0,0,0,0,0,0,0,0,0,0,0,0,0,0,0,0,0,0,0,0,0,0,0,0,0,
0,0,0,0,0,0,0,0,0,0,0,0,0,0,0,0,0,0,0,0,0,0,0,0,0,0,0,0,0,0,0,0,0,0,0,0,0,0,0,0,0,0,0,0,0,0,0,0,0,0,0,0,0,0,0,0,0,0,0,0,0,0,0,0,0,0,0,0,0,0,0,0,0,0,0,0,0,0,0,0,0,0,0,0,0,0,0,0,0,0,0,0,0,0,0,0,0,0,0,0,0,0,0,0,0,0,0,0,0,0,0,0,0,0,0,0,0,0,0,0,
0,0,0,0,0,0,0,0,0,0,0,0,0,0,0,0,0,0,0,0,0,0,0,0,0,0,0,0,0,0,0,0,0,0,0,0,0,0,0,0,0,0,0,0,0,0,0,0,0,0,0,0,0,0,0,0,0,0,0,0,0,0,0,0,0,0,0,0,0,0,0,0,0,0,0,0,0,0,0,0,0,0,0,0,0,0,0,0,0,0,0,0,0,0,0,0,0,0,0,0,0,0,0,0,0,0,0,0,0,0,0,0,0,0,0,0,0,0,0,0,
0,0,0,0,0,0,0,0,0,0,0,0,0,0,0,0,0,0,0,0,0,0,0,0,0,0,0,0,0,0,0,0,0,0,0,0,0,0,0,0,0,0,0,0,0,0,0,0,0,0,0,0,0,0,0,0,0,0,0,0,0,0,0,0,0,0,0,0,0,0,0,0,0,0,0,0,0,0,0,2055,2056,2057,2058,0,0,0,0,0,0,0,0,0,0,0,0,0,0,0,0,0,0,0,0,0,0,0,0,0,0,0,0,0,0,0,0,0,0,0,0,0,
0,0,0,0,0,0,0,0,0,0,0,0,0,0,0,0,0,0,0,0,0,0,0,0,0,0,0,0,0,0,0,0,0,0,0,0,0,0,0,0,0,0,0,0,0,0,0,0,0,0,0,0,0,0,0,0,0,0,0,0,0,0,0,0,0,0,0,0,0,0,0,0,0,0,0,0,0,2113,2114,2115,2116,2117,2118,2119,2120,0,0,0,0,0,0,0,0,0,0,0,0,0,0,0,0,0,0,0,0,0,0,0,0,0,0,0,0,0,0,0,653,654,655,656,
0,0,0,0,0,0,0,0,0,0,0,0,0,0,0,0,0,0,0,0,0,0,0,0,0,0,0,0,0,0,0,0,0,0,0,0,0,0,0,0,0,0,0,0,0,0,0,0,0,0,0,0,0,0,0,0,0,0,0,0,0,0,0,0,0,0,0,0,0,0,0,0,0,0,0,0,0,0,0,0,0,0,0,0,0,0,0,0,0,0,0,0,0,0,0,0,0,0,0,0,0,0,0,0,0,0,0,0,0,0,0,0,0,0,0,0,713,714,715,716,
0,0,0,0,0,0,0,0,0,0,0,0,0,0,0,0,0,0,0,0,0,0,0,0,0,0,0,0,0,0,0,0,0,0,0,0,0,0,0,0,0,0,0,0,0,0,0,0,0,0,0,0,0,0,0,0,0,0,0,0,0,0,0,0,0,0,0,0,0,0,0,0,0,0,0,0,0,0,0,0,0,0,0,0,0,0,0,0,0,0,0,0,0,0,0,0,0,0,0,0,0,0,0,0,0,0,0,0,0,0,0,0,0,0,0,0,0,0,0,0,
0,0,0,0,0,0,0,0,0,0,0,0,0,0,0,0,0,0,0,0,0,0,0,0,0,0,0,0,0,0,0,0,0,0,0,0,0,0,0,0,0,0,0,0,0,0,0,0,0,0,0,0,0,0,0,0,0,0,0,0,0,0,0,0,0,0,0,0,0,0,0,0,0,0,0,0,0,0,0,0,0,0,0,0,0,0,0,0,0,0,0,0,0,0,0,0,0,0,0,0,0,0,0,0,0,0,0,0,0,0,0,0,0,0,0,0,0,0,0,0,
0,0,0,0,0,0,0,0,0,0,0,0,0,0,0,0,0,0,0,0,0,0,0,0,0,0,0,0,0,0,0,0,0,0,0,0,0,0,0,0,0,0,0,0,0,0,0,0,0,0,0,0,0,0,0,0,0,0,0,0,0,0,0,0,0,0,0,0,0,0,0,0,0,0,0,0,0,0,0,0,0,0,0,0,0,0,0,0,0,0,0,0,0,0,0,0,0,0,0,0,0,0,0,0,0,0,0,0,0,0,0,0,0,0,0,0,0,0,0,0,
0,0,0,0,0,0,0,0,0,0,0,0,0,0,0,0,0,0,0,0,0,0,0,0,0,0,0,0,0,0,0,0,0,0,0,0,0,0,0,0,0,0,0,0,0,0,0,0,0,0,0,0,0,0,0,0,0,0,0,0,0,0,0,0,0,0,0,0,0,0,0,0,0,0,0,0,0,0,0,0,0,0,0,0,0,0,0,0,0,0,0,0,0,0,0,0,0,0,0,2055,2056,2057,2058,0,0,0,0,0,0,0,0,0,0,0,0,0,0,0,0,0,
0,0,0,0,0,0,0,0,0,0,0,0,0,0,0,0,0,0,0,0,0,0,0,0,0,0,0,0,2055,2056,2057,2058,0,0,0,0,0,0,0,0,0,0,0,0,0,0,0,0,0,0,0,0,0,0,0,0,0,0,0,0,0,0,0,0,0,0,0,0,0,0,0,0,0,0,0,0,0,0,0,0,0,0,0,0,0,0,0,0,0,0,0,0,0,0,0,0,0,2113,2114,2115,2116,2117,2118,2119,2120,0,0,0,0,0,0,0,0,0,0,0,653,654,655,656,
0,0,0,0,0,0,0,0,0,0,0,0,0,0,0,0,0,0,0,0,0,0,0,0,0,0,2113,2114,2115,2116,2117,2118,2119,2120,0,0,0,0,0,0,0,0,0,0,0,0,0,0,0,0,0,0,0,0,0,0,0,0,0,0,0,0,0,0,0,0,0,0,0,0,0,0,0,0,0,0,0,0,0,0,0,0,0,0,0,0,0,0,0,0,0,0,0,0,0,0,0,0,0,0,0,0,0,0,0,0,0,0,0,0,0,0,0,0,0,0,713,714,715,716,
0,0,0,0,0,0,0,0,0,0,0,0,0,0,0,0,0,0,0,0,0,0,0,0,0,0,0,0,0,0,0,0,0,0,0,0,0,0,0,0,0,0,0,0,0,0,0,0,0,0,0,0,0,0,0,0,0,0,0,0,0,0,0,0,0,0,0,0,0,0,0,0,0,0,0,0,0,0,0,0,0,0,0,0,0,0,0,0,0,0,0,0,0,0,0,0,0,0,0,0,0,0,0,0,0,0,0,0,0,0,0,0,0,0,0,0,0,0,0,0,
0,0,0,0,0,0,0,0,0,0,0,0,0,0,0,0,0,0,0,0,0,0,0,0,0,0,0,0,0,0,0,0,0,0,0,0,0,0,0,0,0,0,0,0,0,0,0,0,0,0,0,0,0,0,0,0,0,0,0,0,0,0,0,0,0,0,0,0,0,0,0,0,0,0,0,0,0,0,0,0,0,0,0,0,0,0,0,0,0,0,0,0,0,0,0,0,0,0,0,0,0,0,0,0,0,0,0,0,0,0,0,0,0,0,0,0,0,0,0,0,
0,0,0,0,0,0,0,0,0,0,0,0,0,0,0,0,0,0,0,0,0,0,0,0,0,0,0,0,0,0,0,0,0,0,0,0,0,0,0,0,0,0,0,0,0,0,0,0,0,0,0,0,0,0,0,0,0,0,0,0,0,0,0,0,0,0,0,0,0,0,0,0,0,0,0,0,0,0,0,0,0,0,0,0,0,0,0,0,0,0,0,0,0,0,0,0,0,0,0,0,0,0,0,0,0,0,0,0,0,0,0,0,0,0,0,0,0,0,0,0,
0,0,0,0,0,0,0,0,0,0,0,0,0,2055,2056,2057,2058,0,0,0,0,0,0,0,0,0,0,0,0,0,0,0,0,0,0,0,0,0,0,0,0,0,0,0,0,0,0,0,0,0,0,0,0,0,0,0,0,0,0,0,0,0,0,0,0,0,0,0,0,0,0,0,0,0,0,0,0,0,0,0,0,0,0,0,0,0,0,0,0,0,0,0,0,0,0,0,0,0,0,0,0,0,0,0,0,0,0,0,0,0,0,0,0,0,0,0,0,0,0,0,
0,0,0,0,0,0,0,0,0,0,0,2113,2114,2115,2116,2117,2118,2119,2120,0,0,0,0,0,0,0,0,0,0,0,0,0,0,0,0,0,0,0,0,0,0,0,0,0,0,0,0,0,0,0,0,0,0,0,0,0,0,0,0,0,0,0,0,0,0,0,0,0,0,0,0,0,0,0,0,0,0,0,0,0,0,0,0,0,0,0,0,0,0,0,0,0,0,0,0,0,0,0,0,0,0,0,0,0,0,0,0,0,0,0,0,0,0,0,0,0,653,654,655,656,
0,0,0,0,0,0,0,0,0,0,0,0,0,0,0,0,0,0,0,0,0,0,0,0,0,0,0,0,0,0,0,0,0,0,0,0,0,0,0,0,0,0,0,0,0,0,0,2055,2056,2057,2058,0,0,0,0,0,0,0,0,0,0,0,0,0,0,0,0,0,0,0,0,0,0,0,0,0,0,0,0,0,0,0,0,0,0,0,0,0,0,0,0,0,0,0,0,0,0,0,0,0,0,0,0,0,0,0,0,0,0,0,0,0,0,0,0,0,713,714,715,716,
0,0,0,0,0,0,0,0,0,0,0,0,0,0,0,0,0,0,0,0,0,0,0,0,0,0,0,0,0,0,0,0,0,0,0,0,0,0,0,0,0,0,0,0,0,2113,2114,2115,2116,2117,2118,2119,2120,0,0,0,0,0,0,0,0,0,0,0,0,0,0,0,0,0,0,0,0,0,0,0,0,0,0,0,0,0,0,0,0,0,0,0,0,0,0,0,0,0,0,0,0,0,0,0,0,0,0,0,0,0,0,0,0,0,0,0,0,0,0,0,0,0,0,0,
2055,2056,2057,2058,2059,2060,0,0,0,0,0,0,0,0,0,0,0,0,0,0,0,0,0,0,0,0,0,0,0,0,0,0,0,0,0,0,0,0,0,0,0,0,0,0,0,0,0,0,0,0,0,0,0,0,0,0,0,0,0,0,0,0,0,0,0,0,0,0,0,0,0,0,0,0,0,0,0,0,0,0,0,0,0,0,0,0,0,0,0,0,0,0,0,0,0,0,0,0,0,0,0,0,0,0,0,0,0,0,0,0,0,0,0,0,0,0,0,0,0,0,
2115,2116,2117,2118,2119,2120,0,0,0,0,0,0,0,0,0,0,0,0,0,0,0,0,0,0,0,0,0,0,0,0,0,0,0,0,0,0,0,0,0,0,0,0,0,0,0,0,0,0,0,0,0,0,0,0,0,0,0,0,0,0,0,0,0,0,0,0,0,0,0,0,0,0,0,0,0,0,0,0,0,0,0,0,0,0,0,0,0,0,0,0,0,0,0,0,0,0,0,0,0,0,0,0,0,0,0,0,0,0,0,0,0,0,0,0,0,0,0,0,0,0,
0,0,0,0,0,0,0,0,0,0,0,0,0,0,0,0,0,0,0,0,0,0,0,0,0,0,0,0,0,0,0,0,0,0,0,0,0,0,0,0,0,0,0,0,0,0,0,0,0,0,0,0,0,0,0,0,0,0,0,0,0,0,0,0,0,0,0,0,0,0,0,0,2055,2056,2057,2058,0,0,0,0,0,0,0,0,0,0,0,0,0,0,0,0,0,0,0,0,0,0,0,0,0,0,0,0,0,0,0,0,0,0,0,0,0,0,0,0,0,0,0,0,
0,0,0,0,0,0,0,0,0,0,0,0,0,0,0,0,0,0,0,0,0,0,0,0,0,0,0,0,0,0,0,0,0,0,0,0,0,0,0,0,0,0,0,0,0,0,0,0,0,0,0,0,0,0,0,0,0,0,0,0,0,0,0,0,0,0,0,0,0,0,2113,2114,2115,2116,2117,2118,2119,2120,0,0,0,0,0,0,0,0,0,0,0,0,0,0,0,0,0,0,0,0,0,0,0,0,0,0,0,0,0,0,0,0,0,0,0,0,0,0,653,654,655,656,
0,0,0,0,0,0,0,0,0,0,0,0,0,0,0,0,0,0,0,0,0,0,0,0,0,0,0,0,0,0,0,0,0,0,0,0,0,0,0,0,0,0,0,0,0,0,0,0,0,0,0,0,0,0,0,0,0,0,0,0,0,0,0,0,0,0,0,0,0,0,0,0,0,0,0,0,0,0,0,0,0,0,0,0,0,0,0,0,0,0,0,0,0,0,0,0,0,0,0,0,0,0,0,0,0,0,0,0,2055,2056,2057,2058,0,0,0,0,713,714,715,716,
0,0,0,0,0,0,0,0,0,0,0,0,0,0,0,0,0,0,0,0,0,0,0,0,0,0,0,0,0,0,0,0,0,0,0,0,0,0,0,0,0,0,0,0,0,0,0,0,0,0,0,0,0,0,0,0,0,0,0,0,0,0,0,0,0,0,0,0,0,0,0,0,0,0,0,0,0,0,0,0,0,0,0,0,0,0,0,0,0,0,0,0,0,0,0,0,0,0,0,0,0,0,0,0,0,0,2113,2114,2115,2116,2117,2118,2119,2120,0,0,0,0,0,0,
2055,2056,2057,2058,2059,2060,0,0,0,0,0,0,0,0,0,0,0,0,0,0,0,0,0,0,0,0,0,0,0,0,0,0,0,0,0,0,0,0,0,0,0,0,0,0,0,0,0,0,0,0,0,0,0,0,0,0,0,0,0,0,0,0,0,0,0,0,0,0,0,0,0,0,0,0,0,0,0,0,0,0,0,0,0,0,0,0,0,0,0,0,0,0,0,0,0,0,0,0,0,0,0,0,0,0,0,0,0,0,0,0,0,0,0,0,0,0,0,0,0,0,
2115,2116,2117,2118,2119,2120,0,0,0,0,0,0,0,0,0,0,0,0,0,0,0,0,0,0,0,0,0,0,0,0,0,0,0,0,0,0,0,0,0,0,0,0,0,0,0,0,0,0,0,0,0,0,0,0,0,0,0,0,0,0,0,0,0,0,0,0,0,0,0,0,0,0,0,0,0,0,0,0,0,0,0,0,0,0,0,0,0,0,0,0,0,0,0,0,0,0,0,0,0,0,0,0,0,0,0,0,0,0,0,0,0,0,0,0,0,0,0,0,0,0,
0,0,0,0,0,0,0,0,0,0,0,0,0,0,0,0,0,0,0,0,0,0,0,0,0,0,0,0,0,0,0,0,0,0,0,0,0,0,0,0,0,0,0,0,0,0,0,0,0,0,0,0,0,0,0,0,0,0,0,0,0,0,0,0,0,0,0,0,0,0,0,0,0,0,0,0,0,0,0,0,0,0,0,0,0,0,0,0,0,0,0,0,0,0,0,0,0,0,0,0,0,0,0,0,0,0,0,0,0,0,0,0,0,0,0,0,0,0,0,0,
0,0,0,0,0,0,0,0,0,0,0,0,0,0,0,0,0,0,0,0,0,0,0,0,0,0,0,0,0,0,0,0,0,0,0,0,0,0,0,0,0,0,0,0,0,0,0,0,0,0,0,0,0,0,0,0,0,0,0,0,0,0,0,0,0,0,0,0,0,0,0,0,0,0,0,0,0,0,0,0,0,0,0,0,0,0,0,0,0,0,0,0,0,0,0,0,0,0,0,0,0,0,0,0,0,0,0,0,0,0,0,0,0,0,0,0,653,654,655,656,
0,0,0,0,0,0,0,0,0,0,0,0,0,0,0,0,0,0,0,0,0,0,0,0,0,0,0,0,0,0,0,0,0,0,0,0,0,0,0,0,0,0,0,0,0,0,0,0,0,0,0,0,0,0,0,0,0,0,0,0,0,0,0,0,0,0,0,0,0,0,0,0,0,0,0,0,0,0,0,0,0,0,0,0,0,0,0,0,0,0,0,0,0,0,0,0,0,0,0,0,0,0,0,0,0,0,0,0,0,0,0,0,0,0,0,0,713,714,715,716,
0,0,0,0,0,0,0,0,0,0,0,0,0,0,0,0,0,0,0,0,0,0,0,0,0,0,0,0,0,0,0,0,0,0,0,0,0,0,0,0,0,0,0,0,0,0,0,0,0,0,0,0,0,0,0,0,0,0,0,0,0,0,0,0,0,0,0,0,0,0,0,0,0,0,0,0,0,0,0,0,0,0,0,0,0,0,0,0,0,0,0,0,0,0,0,0,0,0,0,0,0,0,0,0,0,0,0,0,0,0,0,0,0,0,0,0,0,0,0,0,
2055,2056,2057,2058,2059,2060,0,0,0,0,0,0,0,0,0,0,0,0,0,0,0,0,0,0,0,0,0,0,0,0,0,0,0,0,0,0,0,0,0,0,0,0,0,0,0,0,0,0,0,0,0,0,0,0,0,0,0,0,0,0,0,0,0,0,0,0,0,0,0,0,0,0,0,0,0,0,0,0,0,0,0,0,0,0,0,0,0,0,0,0,0,0,0,0,0,0,0,0,0,0,0,0,0,0,0,0,0,0,0,0,0,0,0,0,0,0,0,0,0,0,
2115,2116,2117,2118,2119,2120,0,0,0,0,0,0,0,0,0,0,0,0,0,0,0,0,0,0,0,0,0,0,0,0,0,0,0,0,0,0,0,0,0,0,0,0,0,0,0,0,0,0,0,0,0,0,0,0,0,0,0,0,0,0,0,0,0,0,0,0,0,0,0,0,0,0,0,0,0,0,0,0,0,0,0,0,0,0,0,0,0,0,0,0,0,0,0,0,0,0,0,0,0,0,0,0,0,0,0,0,0,0,0,0,0,0,0,0,0,0,0,0,0,0,
0,0,0,0,0,0,0,0,0,0,0,0,0,0,0,0,0,0,0,0,0,0,0,0,0,0,0,0,0,0,0,0,0,0,0,0,0,0,0,0,0,0,0,0,0,0,0,0,0,0,0,0,0,0,0,0,0,0,0,0,0,0,0,0,0,0,0,0,0,0,0,0,0,0,0,0,0,0,0,0,0,0,0,0,0,0,0,0,0,0,0,0,0,0,0,0,0,0,0,0,0,0,0,0,0,0,0,0,0,0,0,0,0,0,0,0,0,0,0,0,
0,0,0,0,0,0,0,0,0,0,0,0,0,0,0,0,0,0,0,0,0,0,0,0,0,0,0,0,0,0,0,0,0,0,0,0,0,0,0,0,0,0,0,0,0,0,0,0,0,0,0,0,0,0,0,0,0,0,0,0,0,0,0,0,0,0,0,0,0,0,0,0,0,0,0,0,0,0,0,0,0,0,0,0,0,0,0,0,0,0,0,0,0,0,0,0,0,0,0,0,0,0,0,0,0,0,0,0,0,0,0,0,0,0,0,0,0,0,0,0,
0,0,0,0,0,0,0,0,0,0,0,0,0,0,0,0,0,0,0,0,0,0,0,0,0,0,0,0,0,0,0,0,0,0,0,0,0,0,0,0,0,0,0,0,0,0,0,0,0,0,0,0,0,0,0,0,0,0,0,0,0,0,0,0,0,0,0,0,0,0,0,0,0,0,0,0,0,0,0,0,0,0,0,0,0,0,0,0,0,0,0,0,0,0,0,0,0,0,0,0,0,0,0,0,0,0,0,0,0,0,0,0,0,0,0,0,0,0,0,0