120
60
out/desert.png
1573,1573,1573,1573,1573,1573,1573,1573,1573,1573,1573,1573,1573,1573,1573,1573,1573,1573,1573,1573,1573,1573,1573,1573,1573,1573,1573,1573,1573,1573,1573,1573,1573,1573,1573,1573,1573,1573,1573,1573,1573,1573,1573,1573,1573,1573,1573,1573,1573,1573,1573,1573,1573,1573,1573,1573,1573,1573,1573,1573,1573,1573,1573,1573,1573,1573,1573,1573,1573,1573,1573,1573,1573,1573,1573,1573,1573,1573,1573,1573,1573,1573,1573,1573,1573,1573,1573,1573,1573,1573,1573,1573,1573,1573,1573,1573,1573,1573,1573,1573,1573,1573,1573,1573,1573,1573,1573,1573,1573,1573,1573,1573,1573,1573,1573,1573,1573,1573,1573,1573,
1573,1573,1573,1573,1573,1573,1573,1573,1573,1573,1573,1573,1573,1573,1573,1573,1573,1573,1573,1573,1573,1573,1573,1573,1573,1573,1573,1573,1573,1573,1573,1573,1573,1573,1573,1573,1573,1573,1573,1573,1573,1573,1573,1573,1573,1573,1573,1573,1573,1573,1573,1573,1573,1573,1573,1573,1573,1573,1573,1573,1573,1573,1573,1573,1573,1573,1573,1573,1573,1573,1573,1573,1573,1573,1573,1573,1573,1573,1573,1573,1573,1573,1573,1573,1573,1573,1573,1573,1573,1573,1573,1573,1573,1573,1573,1573,1573,1573,1573,1573,1573,1573,1573,1573,1573,1573,1573,1573,1573,1573,1573,1573,1573,1573,1573,1573,1573,1573,1573,1573,
1573,1573,1573,1573,1573,1573,1573,1573,1573,1573,1573,1573,1573,1573,1573,1573,1573,1573,1573,1573,1573,1573,1573,1573,1573,1573,1573,1573,1573,1573,1573,1573,1573,1573,1573,1573,1573,1573,1573,1573,1573,1573,1573,1573,1573,1573,1573,1573,1573,1573,1573,1573,1573,1573,1573,1573,1573,1573,1573,1573,1573,1573,1573,1573,1573,1573,1573,1573,1573,1573,1573,1573,1573,1573,1573,1573,1573,1573,1573,1573,1573,1573,1573,1573,1573,1573,1573,1573,1573,1573,1573,1573,1573,1573,1573,1573,1573,1573,1573,1573,1573,1573,1573,1573,1573,1573,1573,1573,1573,1573,1573,1573,1573,1573,1573,1573,1573,1573,1573,1573,
1573,1573,1573,1573,1573,1573,1573,1573,1573,1573,1573,1573,1573,1573,1573,1573,1573,1573,1573,1573,1573,1573,1573,1573,1573,1573,1573,1573,1573,1573,1573,1573,1573,1573,1573,1573,1573,1573,1573,1573,1573,1573,1573,1573,1573,1573,1573,1573,1573,1573,1573,1573,1573,1573,1573,1573,1573,1573,1573,1573,1573,1573,1573,1573,1573,1573,1573,1573,1573,1573,1573,1573,1573,1573,1573,1573,1573,1573,1573,1573,1573,1573,1573,1573,1573,1573,1573,1573,1573,1573,1573,1573,1573,1573,1573,1573,1573,1573,1573,1573,1573,1573,1573,1573,1573,1573,1573,1573,1573,1573,1573,1573,1573,1573,1573,1573,1573,1573,1573,1573,
1573,1573,1573,1573,1573,1573,1573,1573,1573,1573,1573,1573,1573,1573,1573,1573,1573,1573,1573,1573,1573,1573,1573,1573,1573,1573,1573,1573,1573,1573,1573,1573,1573,1573,1573,1573,1573,1573,1573,1573,1573,1573,1573,1573,1573,1573,1573,1573,1573,1573,1573,1573,1573,1573,1573,1573,1573,1573,1573,1573,1573,1573,1573,1573,1573,1573,1573,1573,1573,1573,1573,1573,1573,1573,1573,1573,1573,1573,1573,1573,1573,1573,1573,1573,1573,1573,1573,1573,1573,1573,1573,1573,1573,1573,1573,1573,1573,1573,1573,1573,1573,1573,1573,1573,1573,1573,1573,1573,1573,1573,1573,1573,1573,1573,1573,1573,1573,1573,1573,1573,
1573,1573,1573,1573,1573,1573,1573,1573,1573,1573,1573,1573,1573,1573,1573,1573,1573,1573,1573,1573,1573,1573,1573,1573,1573,1573,1573,1573,1573,1573,1573,1573,1573,1573,1573,1573,1573,1573,1573,1573,1573,1573,1573,1573,1573,1573,1573,1573,1573,1573,1573,1573,1573,1573,1573,1573,1573,1573,1573,1573,1573,1573,1573,1573,1573,1573,1573,1573,1573,1573,1573,1573,1573,1573,1573,1573,1573,1573,1573,1573,1573,1573,1573,1573,1573,1573,1573,1573,1573,1573,1573,1573,1573,1573,1573,1573,1573,1573,1573,1573,1573,1573,1573,1573,1573,1573,1573,1573,1573,1573,1573,1573,1573,1573,1573,1573,1573,1573,1573,1573,
1573,1573,1573,1573,1573,1573,1573,1573,1573,1573,1573,1573,1573,1573,1573,1573,1573,1573,1573,1573,1573,1573,1573,1573,1573,1573,1573,1573,1573,1573,1573,1573,1573,1573,1573,1573,1573,1573,1573,1573,1573,1573,1573,1573,1573,1573,1573,1573,1573,1573,1573,1573,1573,1573,1573,1573,1573,1573,1573,1573,1573,1573,1573,1573,1573,1573,1573,1573,1573,1573,1573,1573,1573,1573,1573,1573,1573,1573,1573,1573,1573,1573,1573,1573,1573,1573,1573,1573,1573,1573,1573,1573,1573,1573,1573,1573,1573,1573,1573,1573,1573,1573,1573,1573,1573,1573,1573,1573,1573,1573,1573,1573,1573,1573,1573,1573,1573,1573,1573,1573,
1573,1573,1573,1573,1573,1573,1573,1573,1573,1573,1573,1573,1573,1573,1573,1573,1573,1573,1573,1573,1573,1573,1573,1573,1573,1573,1573,1573,1573,1573,1573,1573,1573,1573,1573,1573,1573,1573,1573,1573,1573,1573,1573,1573,1573,1573,1573,1573,1573,1573,1573,1573,1573,1573,1573,1573,1573,1573,1573,1573,1573,1573,1573,1573,1573,1573,1573,1573,1573,1573,1573,1573,1573,1573,1573,1573,1573,1573,1573,1573,1573,1573,1573,1573,1573,1573,1573,1573,1573,1573,1573,1573,1573,1573,1573,1573,1573,1573,1573,1573,1573,1573,1573,1573,1573,1573,1573,1573,1573,1573,1573,1573,1573,1573,1573,1573,1573,1573,1573,1573,
1573,1573,1573,1573,1573,1573,1573,1573,1573,1573,1573,1573,1573,1573,1573,1573,1573,1573,1573,1573,1573,1573,1573,1573,1573,1573,1573,1573,1573,1573,1573,1573,1573,1573,1573,1573,1573,1573,1573,1573,1573,1573,1573,1573,1573,1573,1573,1573,1573,1573,1573,1573,1573,1573,1573,1573,1573,1573,1573,1573,1573,1573,1573,1573,1573,1573,1573,1573,1573,1573,1573,1573,1573,1573,1573,1573,1573,1573,1573,1573,1573,1573,1573,1573,1573,1573,1573,1573,1573,1573,1573,1573,1573,1573,1573,1573,1573,1573,1573,1573,1573,1573,1573,1573,1573,1573,1573,1573,1573,1573,1573,1573,1573,1573,1573,1573,1573,1573,1573,1573,
1573,1573,1573,1573,1573,1573,1573,1573,1573,1573,1573,1573,1573,1573,1573,1573,1573,1573,1573,1573,1573,1573,1573,1573,1573,1573,1573,1573,1573,1573,1573,1573,1573,1573,1573,1573,1573,1573,1573,1573,1573,1573,1573,1573,1573,1573,1573,1573,1573,1573,1573,1573,1573,1573,1573,1573,1573,1573,1573,1573,1573,1573,1573,1573,1573,1573,1573,1573,1573,1573,1573,1573,1573,1573,1573,1573,1573,1573,1573,1573,1573,1573,1573,1573,1573,1573,1573,1573,1573,1573,1573,1573,1573,1573,1573,1573,1573,1573,1573,1573,1573,1573,1573,1573,1573,1573,1573,1573,1573,1573,1573,1573,1573,1573,1573,1573,1573,1573,1573,1573,
1573,1573,1573,1573,1573,1573,1573,1573,1573,1573,1573,1573,1573,1573,1573,1573,1573,1573,1573,1573,1573,1573,1573,1573,1573,1573,1573,1573,1573,1573,1573,1573,1573,1573,1573,1573,1573,1573,1573,1573,1573,1573,1573,1573,1573,1573,1573,1573,1573,1573,1573,1573,1573,1573,1573,1573,1573,1573,1573,1573,1573,1573,1573,1573,1573,1573,1573,1573,1573,1573,1573,1573,1573,1573,1573,1573,1573,1573,1573,1573,1573,1573,1573,1573,1573,1573,1573,1573,1573,1573,1573,1573,1573,1573,1573,1573,1573,1573,1573,1573,1573,1573,1573,1573,1573,1573,1573,1573,1573,1573,1573,1573,1573,1573,1573,1573,1573,1573,1573,1573,
1573,1573,1573,1573,1573,1573,1573,1573,1573,1573,1573,1573,1573,1573,1573,1573,1573,1573,1573,1573,1573,1573,1573,1573,1573,1573,1573,1573,1573,1573,1573,1573,1573,1573,1573,1573,1573,1573,1573,1573,1573,1573,1573,1573,1573,1573,1573,1573,1573,1573,1573,1573,1573,1573,1573,1573,1573,1573,1573,1573,1573,1573,1573,1573,1573,1573,1573,1573,1573,1573,1573,1573,1573,1573,1573,1573,1573,1573,1573,1573,1573,1573,1573,1573,1573,1573,1573,1573,1573,1573,1573,1573,1573,1573,1573,1573,1573,1573,1573,1573,1573,1573,1573,1573,1573,1573,1573,1573,1573,1573,1573,1573,1573,1573,1573,1573,1573,1573,1573,1573,
1573,1573,1573,1573,1573,1573,1573,1573,1573,1573,1573,1573,1573,1573,1573,1573,1573,1573,1573,1573,1573,1573,1573,1573,1573,1573,1573,1573,1573,1573,1573,1573,1573,1573,1573,1573,1573,1573,1573,1573,1573,1573,1573,1573,1573,1573,1573,1573,1573,1573,1573,1573,1573,1573,1573,1573,1573,1573,1573,1573,1573,1573,1573,1573,1573,1573,1573,1573,1573,1573,1573,1573,1573,1573,1573,1573,1573,1573,1573,1573,1573,1573,1573,1573,1573,1573,1573,1573,1573,1573,1573,1573,1573,1573,1573,1573,1573,1573,1573,1573,1573,1573,1573,1573,1573,1573,1573,1573,1573,1573,1573,1573,1573,1573,1573,1573,1573,1573,1573,1573,
1573,1573,1573,1573,1573,1573,1573,1573,1573,1573,1573,1573,1573,1573,1573,1573,1573,1573,1573,1573,1573,1573,1573,1573,1573,1573,1573,1573,1573,1573,1573,1573,1573,1573,1573,1573,1573,1573,1573,1573,1573,1573,1573,1573,1573,1573,1573,1573,1573,1573,1573,1573,1573,1573,1573,1573,1573,1573,1573,1573,1573,1573,1573,1573,1573,1573,1573,1573,1573,1573,1573,1573,1573,1573,1573,1573,1573,1573,1573,1573,1573,1573,1573,1573,1573,1573,1573,1573,1573,1573,1573,1573,1573,1573,1573,1573,1573,1573,1573,1573,1573,1573,1573,1573,1573,1573,1573,1573,1573,1573,1573,1573,1573,1573,1573,1573,1573,1573,1573,1573,
1573,1573,1573,1573,1573,1573,1573,1573,1573,1573,1573,1573,1573,1573,1573,1573,1573,1573,1573,1573,1573,1573,1573,1573,1573,1573,1573,1573,1573,1573,1573,1573,1573,1573,1573,1573,1573,1573,1573,1573,1573,1573,1573,1573,1573,1573,1573,1573,1573,1573,1573,1573,1573,1573,1573,1573,1573,1573,1573,1573,1573,1573,1573,1573,1573,1573,1573,1573,1573,1573,1573,1573,1573,1573,1573,1573,1573,1573,1573,1573,1573,1573,1573,1573,1573,1573,1573,1573,1573,1573,1573,1573,1573,1573,1573,1573,1573,1573,1573,1573,1573,1573,1573,1573,1573,1573,1573,1573,1573,1573,1573,1573,1573,1573,1573,1573,1573,1573,1573,1573,
1573,1573,1573,1573,1573,1573,1573,1573,1573,1573,1573,1573,1573,1573,1573,1573,1573,1573,1573,1573,1573,1573,1573,1573,1573,1573,1573,1573,1573,1573,1573,1573,1573,1573,1573,1573,1573,1573,1573,1573,1573,1573,1573,1573,1573,1573,1573,1573,1573,1573,1573,1573,1573,1573,1573,1573,1573,1573,1573,1573,1573,1573,1573,1573,1573,1573,1573,1573,1573,1573,1573,1573,1573,1573,1573,1573,1573,1573,1573,1573,1573,1573,1573,1573,1573,1573,1573,1573,1573,1573,1573,1573,1573,1573,1573,1573,1573,1573,1573,1573,1573,1573,1573,1573,1573,1573,1573,1573,1573,1573,1573,1573,1573,1573,1573,1573,1573,1573,1573,1573,
1573,1573,1573,1573,1573,1573,1573,1573,1573,1573,1573,1573,1573,1573,1573,1573,1573,1573,1573,1573,1573,1573,1573,1573,1573,1573,1573,1573,1573,1573,1573,1573,1573,1573,1573,1573,1573,1573,1573,1573,1573,1573,1573,1573,1573,1573,1573,1573,1573,1573,1573,1573,1573,1573,1573,1573,1573,1573,1573,1573,1573,1573,1573,1573,1573,1573,1573,1573,1573,1573,1573,1573,1573,1573,1573,1573,1573,1573,1573,1573,1573,1573,1573,1573,1573,1573,1573,1573,1573,1573,1573,1573,1573,1573,1573,1573,1573,1573,1573,1573,1573,1573,1573,1573,1573,1573,1573,1573,1573,1573,1573,1573,1573,1573,1573,1573,1573,1573,1573,1573,
1573,1573,1573,1573,1573,1573,1573,1573,1573,1573,1573,1573,1573,1573,1573,1573,1573,1573,1573,1573,1573,1573,1573,1573,1573,1573,1573,1573,1573,1573,1573,1573,1573,1573,1573,1573,1573,1573,1573,1573,1573,1573,1573,1573,1573,1573,1573,1573,1573,1573,1573,1573,1573,1573,1573,1573,1573,1573,1573,1573,1573,1573,1573,1573,1573,1573,1573,1573,1573,1573,1573,1573,1573,1573,1573,1573,1573,1573,1573,1573,1573,1573,1573,1573,1573,1573,1573,1573,1573,1573,1573,1573,1573,1573,1573,1573,1573,1573,1573,1573,1573,1573,1573,1573,1573,1573,1573,1573,1573,1573,1573,1573,1573,1573,1573,1573,1573,1573,1573,1573,
1573,1573,1573,1573,1573,1573,1573,1573,1573,1573,1573,1573,1573,1573,1573,1573,1573,1573,1573,1573,1573,1573,1573,1573,1573,1573,1573,1573,1573,1573,1573,1573,1573,1573,1573,1573,1573,1573,1573,1573,1573,1573,1573,1573,1573,1573,1573,1573,1573,1573,1573,1573,1573,1573,1573,1573,1573,1573,1573,1573,1573,1573,1573,1573,1573,1573,1573,1573,1573,1573,1573,1573,1573,1573,1573,1573,1573,1573,1573,1573,1573,1573,1573,1573,1573,1573,1573,1573,1573,1573,1573,1573,1573,1573,1573,1573,1573,1573,1573,1573,1573,1573,1573,1573,1573,1573,1573,1573,1573,1573,1573,1573,1573,1573,1573,1573,1573,1573,1573,1573,
1573,1573,1573,1573,1573,1573,1573,1573,1573,1573,1573,1573,1573,1573,1573,1573,1573,1573,1573,1573,1573,1573,1573,1573,1573,1573,1573,1573,1573,1573,1573,1573,1573,1573,1573,1573,1573,1573,1573,1573,1573,1573,1573,1573,1573,1573,1573,1573,1573,1573,1573,1573,1573,1573,1573,1573,1573,1573,1573,1573,1573,1573,1573,1573,1573,1573,1573,1573,1573,1573,1573,1573,1573,1573,1573,1573,1573,1573,1573,1573,1573,1573,1573,1573,1573,1573,1573,1573,1573,1573,1573,1573,1573,1573,1573,1573,1573,1573,1573,1573,1573,1573,1573,1573,1573,1573,1573,1573,1573,1573,1573,1573,1573,1573,1573,1573,1573,1573,1573,1573,
1573,1573,1573,1573,1573,1573,1573,1573,1573,1573,1573,1573,1573,1573,1573,1573,1573,1573,1573,1573,1573,1573,1573,1573,1573,1573,1573,1573,1573,1573,1573,1573,1573,1573,1573,1573,1573,1573,1573,1573,1573,1573,1573,1573,1573,1573,1573,1573,1573,1573,1573,1573,1573,1573,1573,1573,1573,1573,1573,1573,1573,1573,1573,1573,1573,1573,1573,1573,1573,1573,1573,1573,1573,1573,1573,1573,1573,1573,1573,1573,1573,1573,1573,1573,1573,1573,1573,1573,1573,1573,1573,1573,1573,1573,1573,1573,1573,1573,1573,1573,1573,1573,1573,1573,1573,1573,1573,1573,1573,1573,1573,1573,1573,1573,1573,1573,1573,1573,1573,1573,
1573,1573,1573,1573,1573,1573,1573,1573,1573,1573,1573,1573,1573,1573,1573,1573,1573,1573,1573,1573,1573,1573,1573,1573,1573,1573,1573,1573,1573,1573,1573,1573,1573,1573,1573,1573,1573,1573,1573,1573,1573,1573,1573,1573,1573,1573,1573,1573,1573,1573,1573,1573,1573,1573,1573,1573,1573,1573,1573,1573,1573,1573,1573,1573,1573,1573,1573,1573,1573,1573,1573,1573,1573,1573,1573,1573,1573,1573,1573,1573,1573,1573,1573,1573,1573,1573,1573,1573,1573,1573,1573,1573,1573,1573,1573,1573,1573,1573,1573,1573,1573,1573,1573,1573,1573,1573,1573,1573,1573,1573,1573,1573,1573,1573,1573,1573,1573,1573,1573,1573,
1573,1573,1573,1573,1573,1573,1573,1573,1573,1573,1573,1573,1573,1573,1573,1573,1573,1573,1573,1573,1573,1573,1573,1573,1573,1573,1573,1573,1573,1573,1573,1573,1573,1573,1573,1573,1573,1573,1573,1573,1573,1573,1573,1573,1573,1573,1573,1573,1573,1573,1573,1573,1573,1573,1573,1573,1573,1573,1573,1573,1573,1573,1573,1573,1573,1573,1573,1573,1573,1573,1573,1573,1573,1573,1573,1573,1573,1573,1573,1573,1573,1573,1573,1573,1573,1573,1573,1573,1573,1573,1573,1573,1573,1573,1573,1573,1573,1573,1573,1573,1573,1573,1573,1573,1573,1573,1573,1573,1573,1573,1573,1573,1573,1573,1573,1573,1573,1573,1573,1573,
1573,1573,1573,1573,1573,1573,1573,1573,1573,1573,1573,1573,1573,1573,1573,1573,1573,1573,1573,1573,1573,1573,1573,1573,1573,1573,1573,1573,1573,1573,1573,1573,1573,1573,1573,1573,1573,1573,1573,1573,1573,1573,1573,1573,1573,1573,1573,1573,1573,1573,1573,1573,1573,1573,1573,1573,1573,1573,1573,1573,1573,1573,1573,1573,1573,1573,1573,1573,1573,1573,1573,1573,1573,1573,1573,1573,1573,1573,1573,1573,1573,1573,1573,1573,1573,1573,1573,1573,1573,1573,1573,1573,1573,1573,1573,1573,1573,1573,1573,1573,1573,1573,1573,1573,1573,1573,1573,1573,1573,1573,1573,1573,1573,1573,1573,1573,1573,1573,1573,1573,
1573,1573,1573,1573,1573,1573,1573,1573,1573,1573,1573,1573,1573,1573,1573,1573,1573,1573,1573,1573,1573,1573,1573,1573,1573,1573,1573,1573,1573,1573,1573,1573,1573,1573,1573,1573,1573,1573,1573,1573,1573,1573,1573,1573,1573,1573,1573,1573,1573,1573,1573,1573,1573,1573,1573,1573,1573,1573,1573,1573,1573,1573,1573,1573,1573,1573,1573,1573,1573,1573,1573,1573,1573,1573,1573,1573,1573,1573,1573,1573,1573,1573,1573,1573,1573,1573,1573,1573,1573,1573,1573,1573,1573,1573,1573,1573,1573,1573,1573,1573,1573,1573,1573,1573,1573,1573,1573,1573,1573,1573,1573,1573,1573,1573,1573,1573,1573,1573,1573,1573,
1573,1573,1573,1573,1573,1573,1573,1573,1573,1573,1573,1573,1573,1573,1573,1573,1573,1573,1573,1573,1573,1573,1573,1573,1573,1573,1573,1573,1573,1573,1573,1573,1573,1573,1573,1573,1573,1573,1573,1573,1573,1573,1573,1573,1573,1573,1573,1573,1573,1573,1573,1573,1573,1573,1573,1573,1573,1573,1573,1573,1573,1573,1573,1573,1573,1573,1573,1573,1573,1573,1573,1573,1573,1573,1573,1573,1573,1573,1573,1573,1573,1573,1573,1573,1573,1573,1573,1573,1573,1573,1573,1573,1573,1573,1573,1573,1573,1573,1573,1573,1573,1573,1573,1573,1573,1573,1573,1573,1573,1573,1573,1573,1573,1573,1573,1573,1573,1573,1573,1573,
1573,1573,1573,1573,1573,1573,1573,1573,1573,1573,1573,1573,1573,1573,1573,1573,1573,1573,1573,1573,1573,1573,1573,1573,1573,1573,1573,1573,1573,1573,1573,1573,1573,1573,1573,1573,1573,1573,1573,1573,1573,1573,1573,1573,1573,1573,1573,1573,1573,1573,1573,1573,1573,1573,1573,1573,1573,1573,1573,1573,1573,1573,1573,1573,1573,1573,1573,1573,1573,1573,1573,1573,1573,1573,1573,1573,1573,1573,1573,1573,1573,1573,1573,1573,1573,1573,1573,1573,1573,1573,1573,1573,1573,1573,1573,1573,1573,1573,1573,1573,1573,1573,1573,1573,1573,1573,1573,1573,1573,1573,1573,1573,1573,1573,1573,1573,1573,1573,1573,1573,
1573,1573,1573,1573,1573,1573,1573,1573,1573,1573,1573,1573,1573,1573,1573,1573,1573,1573,1573,1573,1573,1573,1573,1573,1573,1573,1573,1573,1573,1573,1573,1573,1573,1573,1573,1573,1573,1573,1573,1573,1573,1573,1573,1573,1573,1573,1573,1573,1573,1573,1573,1573,1573,1573,1573,1573,1573,1573,1573,1573,1573,1573,1573,1573,1573,1573,1573,1573,1573,1573,1573,1573,1573,1573,1573,1573,1573,1573,1573,1573,1573,1573,1573,1573,1573,1573,1573,1573,1573,1573,1573,1573,1573,1573,1573,1573,1573,1573,1573,1573,1573,1573,1573,1573,1573,1573,1573,1573,1573,1573,1573,1573,1573,1573,1573,1573,1573,1573,1573,1573,
1573,1573,1573,1573,1573,1573,1573,1573,1573,1573,1573,1573,1573,1573,1573,1573,1573,1573,1573,1573,1573,1573,1573,1573,1573,1573,1573,1573,1573,1573,1573,1573,1573,1573,1573,1573,1573,1573,1573,1573,1573,1573,1573,1573,1573,1573,1573,1573,1573,1573,1573,1573,1573,1573,1573,1573,1573,1573,1573,1573,1573,1573,1573,1573,1573,1573,1573,1573,1573,1573,1573,1573,1573,1573,1573,1573,1573,1573,1573,1573,1573,1573,1573,1573,1573,1573,1573,1573,1573,1573,1573,1573,1573,1573,1573,1573,1573,1573,1573,1573,1573,1573,1573,1573,1573,1573,1573,1573,1573,1573,1573,1573,1573,1573,1573,1573,1573,1573,1573,1573,
1573,1573,1573,1573,1573,1573,1573,1573,1573,1573,1573,1573,1573,1573,1573,1573,1573,1573,1573,1573,1573,1573,1573,1573,1573,1573,1573,1573,1573,1573,1573,1573,1573,1573,1573,1573,1573,1573,1573,1573,1573,1573,1573,1573,1573,1573,1573,1573,1573,1573,1573,1573,1573,1573,1573,1573,1573,1573,1573,1573,1573,1573,1573,1573,1573,1573,1573,1573,1573,1573,1573,1573,1573,1573,1573,1573,1573,1573,1573,1573,1573,1573,1573,1573,1573,1573,1573,1573,1573,1573,1573,1573,1573,1573,1573,1573,1573,1573,1573,1573,1573,1573,1573,1573,1573,1573,1573,1573,1573,1573,1573,1573,1573,1573,1573,1573,1573,1573,1573,1573,
1573,1573,1573,1573,1573,1573,1573,1573,1573,1573,1573,1573,1573,1573,1573,1573,1573,1573,1573,1573,1573,1573,1573,1573,1573,1573,1573,1573,1573,1573,1573,1573,1573,1573,1573,1573,1573,1573,1573,1573,1573,1573,1573,1573,1573,1573,1573,1573,1573,1573,1573,1573,1573,1573,1573,1573,1573,1573,1573,1573,1573,1573,1573,1573,1573,1573,1573,1573,1573,1573,1573,1573,1573,1573,1573,1573,1573,1573,1573,1573,1573,1573,1573,1573,1573,1573,1573,1573,1573,1573,1573,1573,1573,1573,1573,1573,1573,1573,1573,1573,1573,1573,1573,1573,1573,1573,1573,1573,1573,1573,1573,1573,1573,1573,1573,1573,1573,1573,1573,1573,
1573,1573,1573,1573,1573,1573,1573,1573,1573,1573,1573,1573,1573,1573,1573,1573,1573,1573,1573,1573,1573,1573,1573,1573,1573,1573,1573,1573,1573,1573,1573,1573,1573,1573,1573,1573,1573,1573,1573,1573,1573,1573,1573,1573,1573,1573,1573,1573,1573,1573,1573,1573,1573,1573,1573,1573,1573,1573,1573,1573,1573,1573,1573,1573,1573,1573,1573,1573,1573,1573,1573,1573,1573,1573,1573,1573,1573,1573,1573,1573,1573,1573,1573,1573,1573,1573,1573,1573,1573,1573,1573,1573,1573,1573,1573,1573,1573,1573,1573,1573,1573,1573,1573,1573,1573,1573,1573,1573,1573,1573,1573,1573,1573,1573,1573,1573,1573,1573,1573,1573,
1573,1573,1573,1573,1573,1573,1573,1573,1573,1573,1573,1573,1573,1573,1573,1573,1573,1573,1573,1573,1573,1573,1573,1573,1573,1573,1573,1573,1573,1573,1573,1573,1573,1573,1573,1573,1573,1573,1573,1573,1573,1573,1573,1573,1573,1573,1573,1573,1573,1573,1573,1573,1573,1573,1573,1573,1573,1573,1573,1573,1573,1573,1573,1573,1573,1573,1573,1573,1573,1573,1573,1573,1573,1573,1573,1573,1573,1573,1573,1573,1573,1573,1573,1573,1573,1573,1573,1573,1573,1573,1573,1573,1573,1573,1573,1573,1573,1573,1573,1573,1573,1573,1573,1573,1573,1573,1573,1573,1573,1573,1573,1573,1573,1573,1573,1573,1573,1573,1573,1573,
1573,1573,1573,1573,1573,1573,1573,1573,1573,1573,1573,1573,1573,1573,1573,1573,1573,1573,1573,1573,1573,1573,1573,1573,1573,1573,1573,1573,1573,1573,1573,1573,1573,1573,1573,1573,1573,1573,1573,1573,1573,1573,1573,1573,1573,1573,1573,1573,1573,1573,1573,1573,1573,1573,1573,1573,1573,1573,1573,1573,1573,1573,1573,1573,1573,1573,1573,1573,1573,1573,1573,1573,1573,1573,1573,1573,1573,1573,1573,1573,1573,1573,1573,1573,1573,1573,1573,1573,1573,1573,1573,1573,1573,1573,1573,1573,1573,1573,1573,1573,1573,1573,1573,1573,1573,1573,1573,1573,1573,1573,1573,1573,1573,1573,1573,1573,1573,1573,1573,1573,
1573,1573,1573,1573,1573,1573,1573,1573,1573,1573,1573,1573,1573,1573,1573,1573,1573,1573,1573,1573,1573,1573,1573,1573,1573,1573,1573,1573,1573,1573,1573,1573,1573,1573,1573,1573,1573,1573,1573,1573,1573,1573,1573,1573,1573,1573,1573,1573,1573,1573,1573,1573,1573,1573,1573,1573,1573,1573,1573,1573,1573,1573,1573,1573,1573,1573,1573,1573,1573,1573,1573,1573,1573,1573,1573,1573,1573,1573,1573,1573,1573,1573,1573,1573,1573,1573,1573,1573,1573,1573,1573,1573,1573,1573,1573,1573,1573,1573,1573,1573,1573,1573,1573,1573,1573,1573,1573,1573,1573,1573,1573,1573,1573,1573,1573,1573,1573,1573,1573,1573,
1573,1573,1573,1573,1573,1573,1573,1573,1573,1573,1573,1573,1573,1573,1573,1573,1573,1573,1573,1573,1573,1573,1573,1573,1573,1573,1573,1573,1573,1573,1573,1573,1573,1573,1573,1573,1573,1573,1573,1573,1573,1573,1573,1573,1573,1573,1573,1573,1573,1573,1573,1573,1573,1573,1573,1573,1573,1573,1573,1573,1573,1573,1573,1573,1573,1573,1573,1573,1573,1573,1573,1573,1573,1573,1573,1573,1573,1573,1573,1573,1573,1573,1573,1573,1573,1573,1573,1573,1573,1573,1573,1573,1573,1573,1573,1573,1573,1573,1573,1573,1573,1573,1573,1573,1573,1573,1573,1573,1573,1573,1573,1573,1573,1573,1573,1573,1573,1573,1573,1573,
1573,1573,1573,1573,1573,1573,1573,1573,1573,1573,1573,1573,1573,1573,1573,1573,1573,1573,1573,1573,1573,1573,1573,1573,1573,1573,1573,1573,1573,1573,1573,1573,1573,1573,1573,1573,1573,1573,1573,1573,1573,1573,1573,1573,1573,1573,1573,1573,1573,1573,1573,1573,1573,1573,1573,1573,1573,1573,1573,1573,1573,1573,1573,1573,1573,1573,1573,1573,1573,1573,1573,1573,1573,1573,1573,1573,1573,1573,1573,1573,1573,1573,1573,1573,1573,1573,1573,1573,1573,1573,1573,1573,1573,1573,1573,1573,1573,1573,1573,1573,1573,1573,1573,1573,1573,1573,1573,1573,1573,1573,1573,1573,1573,1573,1573,1573,1573,1573,1573,1573,
1573,1573,1573,1573,1573,1573,1573,1573,1573,1573,1573,1573,1573,1573,1573,1573,1573,1573,1573,1573,1573,1573,1573,1573,1573,1573,1573,1573,1573,1573,1573,1573,1573,1573,1573,1573,1573,1573,1573,1573,1573,1573,1573,1573,1573,1573,1573,1573,1573,1573,1573,1573,1573,1573,1573,1573,1573,1573,1573,1573,1573,1573,1573,1573,1573,1573,1573,1573,1573,1573,1573,1573,1573,1573,1573,1573,1573,1573,1573,1573,1573,1573,1573,1573,1573,1573,1573,1573,1573,1573,1573,1573,1573,1573,1573,1573,1573,1573,1573,1573,1573,1573,1573,1573,1573,1573,1573,1573,1573,1573,1573,1573,1573,1573,1573,1573,1573,1573,1573,1573,
1573,1573,1573,1573,1573,1573,1573,1573,1573,1573,1573,1573,1573,1573,1573,1573,1573,1573,1573,1573,1573,1573,1573,1573,1573,1573,1573,1573,1573,1573,1573,1573,1573,1573,1573,1573,1573,1573,1573,1573,1573,1573,1573,1573,1573,1573,1573,1573,1573,1573,1573,1573,1573,1573,1573,1573,1573,1573,1573,1573,1573,1573,1573,1573,1573,1573,1573,1573,1573,1573,1573,1573,1573,1573,1573,1573,1573,1573,1573,1573,1573,1573,1573,1573,1573,1573,1573,1573,1573,1573,1573,1573,1573,1573,1573,1573,1573,1573,1573,1573,1573,1573,1573,1573,1573,1573,1573,1573,1573,1573,1573,1573,1573,1573,1573,1573,1573,1573,1573,1573,
1573,1573,1573,1573,1573,1573,1573,1573,1573,1573,1573,1573,1573,1573,1573,1573,1573,1573,1573,1573,1573,1573,1573,1573,1573,1573,1573,1573,1573,1573,1573,1573,1573,1573,1573,1573,1573,1573,1573,1573,1573,1573,1573,1573,1573,1573,1573,1573,1573,1573,1573,1573,1573,1573,1573,1573,1573,1573,1573,1573,1573,1573,1573,1573,1573,1573,1573,1573,1573,1573,1573,1573,1573,1573,1573,1573,1573,1573,1573,1573,1573,1573,1573,1573,1573,1573,1573,1573,1573,1573,1573,1573,1573,1573,1573,1573,1573,1573,1573,1573,1573,1573,1573,1573,1573,1573,1573,1573,1573,1573,1573,1573,1573,1573,1573,1573,1573,1573,1573,1573,
1573,1573,1573,1573,1573,1573,1573,1573,1573,1573,1573,1573,1573,1573,1573,1573,1573,1573,1573,1573,1573,1573,1573,1573,1573,1573,1573,1573,1573,1573,1573,1573,1573,1573,1573,1573,1573,1573,1573,1573,1573,1573,1573,1573,1573,1573,1573,1573,1573,1573,1573,1573,1573,1573,1573,1573,1573,1573,1573,1573,1573,1573,1573,1573,1573,1573,1573,1573,1573,1573,1573,1573,1573,1573,1573,1573,1573,1573,1573,1573,1573,1573,1573,1573,1573,1573,1573,1573,1573,1573,1573,1573,1573,1573,1573,1573,1573,1573,1573,1573,1573,1573,1573,1573,1573,1573,1573,1573,1573,1573,1573,1573,1573,1573,1573,1573,1573,1573,1573,1573,
1573,1573,1573,1573,1573,1573,1573,1573,1573,1573,1573,1573,1573,1573,1573,1573,1573,1573,1573,1573,1573,1573,1573,1573,1573,1573,1573,1573,1573,1573,1573,1573,1573,1573,1573,1573,1573,1573,1573,1573,1573,1573,1573,1573,1573,1573,1573,1573,1573,1573,1573,1573,1573,1573,1573,1573,1573,1573,1573,1573,1573,1573,1573,1573,1573,1573,1573,1573,1573,1573,1573,1573,1573,1573,1573,1573,1573,1573,1573,1573,1573,1573,1573,1573,1573,1573,1573,1573,1573,1573,1573,1573,1573,1573,1573,1573,1573,1573,1573,1573,1573,1573,1573,1573,1573,1573,1573,1573,1573,1573,1573,1573,1573,1573,1573,1573,1573,1573,1573,1573,
1573,1573,1573,1573,1573,1573,1573,1573,1573,1573,1573,1573,1573,1573,1573,1573,1573,1573,1573,1573,1573,1573,1573,1573,1573,1573,1573,1573,1573,1573,1573,1573,1573,1573,1573,1573,1573,1573,1573,1573,1573,1573,1573,1573,1573,1573,1573,1573,1573,1573,1573,1573,1573,1573,1573,1573,1573,1573,1573,1573,1573,1573,1573,1573,1573,1573,1573,1573,1573,1573,1573,1573,1573,1573,1573,1573,1573,1573,1573,1573,1573,1573,1573,1573,1573,1573,1573,1573,1573,1573,1573,1573,1573,1573,1573,1573,1573,1573,1573,1573,1573,1573,1573,1573,1573,1573,1573,1573,1573,1573,1573,1573,1573,1573,1573,1573,1573,1573,1573,1573,
1573,1573,1573,1573,1573,1573,1573,1573,1573,1573,1573,1573,1573,1573,1573,1573,1573,1573,1573,1573,1573,1573,1573,1573,1573,1573,1573,1573,1573,1573,1573,1573,1573,1573,1573,1573,1573,1573,1573,1573,1573,1573,1573,1573,1573,1573,1573,1573,1573,1573,1573,1573,1573,1573,1573,1573,1573,1573,1573,1573,1573,1573,1573,1573,1573,1573,1573,1573,1573,1573,1573,1573,1573,1573,1573,1573,1573,1573,1573,1573,1573,1573,1573,1573,1573,1573,1573,1573,1573,1573,1573,1573,1573,1573,1573,1573,1573,1573,1573,1573,1573,1573,1573,1573,1573,1573,1573,1573,1573,1573,1573,1573,1573,1573,1573,1573,1573,1573,1573,1573,
1573,1573,1573,1573,1573,1573,1573,1573,1573,1573,1573,1573,1573,1573,1573,1573,1573,1573,1573,1573,1573,1573,1573,1573,1573,1573,1573,1573,1573,1573,1573,1573,1573,1573,1573,1573,1573,1573,1573,1573,1573,1573,1573,1573,1573,1573,1573,1573,1573,1573,1573,1573,1573,1573,1573,1573,1573,1573,1573,1573,1573,1573,1573,1573,1573,1573,1573,1573,1573,1573,1573,1573,1573,1573,1573,1573,1573,1573,1573,1573,1573,1573,1573,1573,1573,1573,1573,1573,1573,1573,1573,1573,1573,1573,1573,1573,1573,1573,1573,1573,1573,1573,1573,1573,1573,1573,1573,1573,1573,1573,1573,1573,1573,1573,1573,1573,1573,1573,1573,1573,
1573,1573,1573,1573,1573,1573,1573,1573,1573,1573,1573,1573,1573,1573,1573,1573,1573,1573,1573,1573,1573,1573,1573,1573,1573,1573,1573,1573,1573,1573,1573,1573,1573,1573,1573,1573,1573,1573,1573,1573,1573,1573,1573,1573,1573,1573,1573,1573,1573,1573,1573,1573,1573,1573,1573,1573,1573,1573,1573,1573,1573,1573,1573,1573,1573,1573,1573,1573,1573,1573,1573,1573,1573,1573,1573,1573,1573,1573,1573,1573,1573,1573,1573,1573,1573,1573,1573,1573,1573,1573,1573,1573,1573,1573,1573,1573,1573,1573,1573,1573,1573,1573,1573,1573,1573,1573,1573,1573,1573,1573,1573,1573,1573,1573,1573,1573,1573,1573,1573,1573,
1573,1573,1573,1573,1573,1573,1573,1573,1573,1573,1573,1573,1573,1573,1573,1573,1573,1573,1573,1573,1573,1573,1573,1573,1573,1573,1573,1573,1573,1573,1573,1573,1573,1573,1573,1573,1573,1573,1573,1573,1573,1573,1573,1573,1573,1573,1573,1573,1573,1573,1573,1573,1573,1573,1573,1573,1573,1573,1573,1573,1573,1573,1573,1573,1573,1573,1573,1573,1573,1573,1573,1573,1573,1573,1573,1573,1573,1573,1573,1573,1573,1573,1573,1573,1573,1573,1573,1573,1573,1573,1573,1573,1573,1573,1573,1573,1573,1573,1573,1573,1573,1573,1573,1573,1573,1573,1573,1573,1573,1573,1573,1573,1573,1573,1573,1573,1573,1573,1573,1573,
1573,1573,1573,1573,1573,1573,1573,1573,1573,1573,1573,1573,1573,1573,1573,1573,1573,1573,1573,1573,1573,1573,1573,1573,1573,1573,1573,1573,1573,1573,1573,1573,1573,1573,1573,1573,1573,1573,1573,1573,1573,1573,1573,1573,1573,1573,1573,1573,1573,1573,1573,1573,1573,1573,1573,1573,1573,1573,1573,1573,1573,1573,1573,1573,1573,1573,1573,1573,1573,1573,1573,1573,1573,1573,1573,1573,1573,1573,1573,1573,1573,1573,1573,1573,1573,1573,1573,1573,1573,1573,1573,1573,1573,1573,1573,1573,1573,1573,1573,1573,1573,1573,1573,1573,1573,1573,1573,1573,1573,1573,1573,1573,1573,1573,1573,1573,1573,1573,1573,1573,
1573,1573,1573,1573,1573,1573,1573,1573,1573,1573,1573,1573,1573,1573,1573,1573,1573,1573,1573,1573,1573,1573,1573,1573,1573,1573,1573,1573,1573,1573,1573,1573,1573,1573,1573,1573,1573,1573,1573,1573,1573,1573,1573,1573,1573,1573,1573,1573,1573,1573,1573,1573,1573,1573,1573,1573,1573,1573,1573,1573,1573,1573,1573,1573,1573,1573,1573,1573,1573,1573,1573,1573,1573,1573,1573,1573,1573,1573,1573,1573,1573,1573,1573,1573,1573,1573,1573,1573,1573,1573,1573,1573,1573,1573,1573,1573,1573,1573,1573,1573,1573,1573,1573,1573,1573,1573,1573,1573,1573,1573,1573,1573,1573,1573,1573,1573,1573,1573,1573,1573,
1573,1573,1573,1573,1573,1573,1573,1573,1573,1573,1573,1573,1573,1573,1573,1573,1573,1573,1573,1573,1573,1573,1573,1573,1573,1573,1573,1573,1573,1573,1573,1573,1573,1573,1573,1573,1573,1573,1573,1573,1573,1573,1573,1573,1573,1573,1573,1573,1573,1573,1573,1573,1573,1573,1573,1573,1573,1573,1573,1573,1573,1573,1573,1573,1573,1573,1573,1573,1573,1573,1573,1573,1573,1573,1573,1573,1573,1573,1573,1573,1573,1573,1573,1573,1573,1573,1573,1573,1573,1573,1573,1573,1573,1573,1573,1573,1573,1573,1573,1573,1573,1573,1573,1573,1573,1573,1573,1573,1573,1573,1573,1573,1573,1573,1573,1573,1573,1573,1573,1573,
1573,1573,1573,1573,1573,1573,1573,1573,1573,1573,1573,1573,1573,1573,1573,1573,1573,1573,1573,1573,1573,1573,1573,1573,1573,1573,1573,1573,1573,1573,1573,1573,1573,1573,1573,1573,1573,1573,1573,1573,1573,1573,1573,1573,1573,1573,1573,1573,1573,1573,1573,1573,1573,1573,1573,1573,1573,1573,1573,1573,1573,1573,1573,1573,1573,1573,1573,1573,1573,1573,1573,1573,1573,1573,1573,1573,1573,1573,1573,1573,1573,1573,1573,1573,1573,1573,1573,1573,1573,1573,1573,1573,1573,1573,1573,1573,1573,1573,1573,1573,1573,1573,1573,1573,1573,1573,1573,1573,1573,1573,1573,1573,1573,1573,1573,1573,1573,1573,1573,1573,
1573,1573,1573,1573,1573,1573,1573,1573,1573,1573,1573,1573,1573,1573,1573,1573,1573,1573,1573,1573,1573,1573,1573,1573,1573,1573,1573,1573,1573,1573,1573,1573,1573,1573,1573,1573,1573,1573,1573,1573,1573,1573,1573,1573,1573,1573,1573,1573,1573,1573,1573,1573,1573,1573,1573,1573,1573,1573,1573,1573,1573,1573,1573,1573,1573,1573,1573,1573,1573,1573,1573,1573,1573,1573,1573,1573,1573,1573,1573,1573,1573,1573,1573,1573,1573,1573,1573,1573,1573,1573,1573,1573,1573,1573,1573,1573,1573,1573,1573,1573,1573,1573,1573,1573,1573,1573,1573,1573,1573,1573,1573,1573,1573,1573,1573,1573,1573,1573,1573,1573,
1573,1573,1573,1573,1573,1573,1573,1573,1573,1573,1573,1573,1573,1573,1573,1573,1573,1573,1573,1573,1573,1573,1573,1573,1573,1573,1573,1573,1573,1573,1573,1573,1573,1573,1573,1573,1573,1573,1573,1573,1573,1573,1573,1573,1573,1573,1573,1573,1573,1573,1573,1573,1573,1573,1573,1573,1573,1573,1573,1573,1573,1573,1573,1573,1573,1573,1573,1573,1573,1573,1573,1573,1573,1573,1573,1573,1573,1573,1573,1573,1573,1573,1573,1573,1573,1573,1573,1573,1573,1573,1573,1573,1573,1573,1573,1573,1573,1573,1573,1573,1573,1573,1573,1573,1573,1573,1573,1573,1573,1573,1573,1573,1573,1573,1573,1573,1573,1573,1573,1573,
1573,1573,1573,1573,1573,1573,1573,1573,1573,1573,1573,1573,1573,1573,1573,1573,1573,1573,1573,1573,1573,1573,1573,1573,1573,1573,1573,1573,1573,1573,1573,1573,1573,1573,1573,1573,1573,1573,1573,1573,1573,1573,1573,1573,1573,1573,1573,1573,1573,1573,1573,1573,1573,1573,1573,1573,1573,1573,1573,1573,1573,1573,1573,1573,1573,1573,1573,1573,1573,1573,1573,1573,1573,1573,1573,1573,1573,1573,1573,1573,1573,1573,1573,1573,1573,1573,1573,1573,1573,1573,1573,1573,1573,1573,1573,1573,1573,1573,1573,1573,1573,1573,1573,1573,1573,1573,1573,1573,1573,1573,1573,1573,1573,1573,1573,1573,1573,1573,1573,1573,
1573,1573,1573,1573,1573,1573,1573,1573,1573,1573,1573,1573,1573,1573,1573,1573,1573,1573,1573,1573,1573,1573,1573,1573,1573,1573,1573,1573,1573,1573,1573,1573,1573,1573,1573,1573,1573,1573,1573,1573,1573,1573,1573,1573,1573,1573,1573,1573,1573,1573,1573,1573,1573,1573,1573,1573,1573,1573,1573,1573,1573,1573,1573,1573,1573,1573,1573,1573,1573,1573,1573,1573,1573,1573,1573,1573,1573,1573,1573,1573,1573,1573,1573,1573,1573,1573,1573,1573,1573,1573,1573,1573,1573,1573,1573,1573,1573,1573,1573,1573,1573,1573,1573,1573,1573,1573,1573,1573,1573,1573,1573,1573,1573,1573,1573,1573,1573,1573,1573,1573,
1573,1573,1573,1573,1573,1573,1573,1573,1573,1573,1573,1573,1573,1573,1573,1573,1573,1573,1573,1573,1573,1573,1573,1573,1573,1573,1573,1573,1573,1573,1573,1573,1573,1573,1573,1573,1573,1573,1573,1573,1573,1573,1573,1573,1573,1573,1573,1573,1573,1573,1573,1573,1573,1573,1573,1573,1573,1573,1573,1573,1573,1573,1573,1573,1573,1573,1573,1573,1573,1573,1573,1573,1573,1573,1573,1573,1573,1573,1573,1573,1573,1573,1573,1573,1573,1573,1573,1573,1573,1573,1573,1573,1573,1573,1573,1573,1573,1573,1573,1573,1573,1573,1573,1573,1573,1573,1573,1573,1573,1573,1573,1573,1573,1573,1573,1573,1573,1573,1573,1573,
1573,1573,1573,1573,1573,1573,1573,1573,1573,1573,1573,1573,1573,1573,1573,1573,1573,1573,1573,1573,1573,1573,1573,1573,1573,1573,1573,1573,1573,1573,1573,1573,1573,1573,1573,1573,1573,1573,1573,1573,1573,1573,1573,1573,1573,1573,1573,1573,1573,1573,1573,1573,1573,1573,1573,1573,1573,1573,1573,1573,1573,1573,1573,1573,1573,1573,1573,1573,1573,1573,1573,1573,1573,1573,1573,1573,1573,1573,1573,1573,1573,1573,1573,1573,1573,1573,1573,1573,1573,1573,1573,1573,1573,1573,1573,1573,1573,1573,1573,1573,1573,1573,1573,1573,1573,1573,1573,1573,1573,1573,1573,1573,1573,1573,1573,1573,1573,1573,1573,1573,
1573,1573,1573,1573,1573,1573,1573,1573,1573,1573,1573,1573,1573,1573,1573,1573,1573,1573,1573,1573,1573,1573,1573,1573,1573,1573,1573,1573,1573,1573,1573,1573,1573,1573,1573,1573,1573,1573,1573,1573,1573,1573,1573,1573,1573,1573,1573,1573,1573,1573,1573,1573,1573,1573,1573,1573,1573,1573,1573,1573,1573,1573,1573,1573,1573,1573,1573,1573,1573,1573,1573,1573,1573,1573,1573,1573,1573,1573,1573,1573,1573,1573,1573,1573,1573,1573,1573,1573,1573,1573,1573,1573,1573,1573,1573,1573,1573,1573,1573,1573,1573,1573,1573,1573,1573,1573,1573,1573,1573,1573,1573,1573,1573,1573,1573,1573,1573,1573,1573,1573,
1573,1573,1573,1573,1573,1573,1573,1573,1573,1573,1573,1573,1573,1573,1573,1573,1573,1573,1573,1573,1573,1573,1573,1573,1573,1573,1573,1573,1573,1573,1573,1573,1573,1573,1573,1573,1573,1573,1573,1573,1573,1573,1573,1573,1573,1573,1573,1573,1573,1573,1573,1573,1573,1573,1573,1573,1573,1573,1573,1573,1573,1573,1573,1573,1573,1573,1573,1573,1573,1573,1573,1573,1573,1573,1573,1573,1573,1573,1573,1573,1573,1573,1573,1573,1573,1573,1573,1573,1573,1573,1573,1573,1573,1573,1573,1573,1573,1573,1573,1573,1573,1573,1573,1573,1573,1573,1573,1573,1573,1573,1573,1573,1573,1573,1573,1573,1573,1573,1573,1573,
1573,1573,1573,1573,1573,1573,1573,1573,1573,1573,1573,1573,1573,1573,1573,1573,1573,1573,1573,1573,1573,1573,1573,1573,1573,1573,1573,1573,1573,1573,1573,1573,1573,1573,1573,1573,1573,1573,1573,1573,1573,1573,1573,1573,1573,1573,1573,1573,1573,1573,1573,1573,1573,1573,1573,1573,1573,1573,1573,1573,1573,1573,1573,1573,1573,1573,1573,1573,1573,1573,1573,1573,1573,1573,1573,1573,1573,1573,1573,1573,1573,1573,1573,1573,1573,1573,1573,1573,1573,1573,1573,1573,1573,1573,1573,1573,1573,1573,1573,1573,1573,1573,1573,1573,1573,1573,1573,1573,1573,1573,1573,1573,1573,1573,1573,1573,1573,1573,1573,1573
0,0,0,0,0,0,0,0,0,0,0,0,0,0,0,0,0,0,0,0,0,0,0,0,0,0,0,0,0,0,0,0,0,0,0,0,0,0,0,0,0,0,0,0,0,0,0,0,0,0,0,0,0,0,0,0,0,0,0,0,0,0,0,0,0,0,0,0,0,0,0,0,0,0,0,0,0,0,0,0,0,0,0,0,0,0,0,0,0,0,0,0,0,0,0,0,0,0,0,0,0,0,0,0,0,0,0,0,0,0,0,0,0,0,0,0,3416,3417,3418,3419,
0,0,0,0,0,0,0,0,0,0,0,0,0,0,0,0,0,0,0,0,0,0,0,0,0,0,0,0,0,0,0,0,0,0,0,0,0,0,0,0,0,0,0,0,0,0,0,0,0,0,0,0,0,0,0,0,0,0,0,0,0,0,0,0,0,0,0,0,0,0,0,0,0,0,0,0,0,0,0,0,0,0,0,0,0,0,0,0,0,0,0,0,0,0,0,0,0,0,0,0,0,0,0,0,0,0,0,0,0,0,0,0,0,0,0,0,3476,3477,3478,3479,
0,0,0,0,0,0,0,0,0,0,0,0,0,0,0,0,0,0,0,0,0,0,0,0,0,0,0,0,0,0,0,0,0,0,0,0,0,0,0,0,0,0,0,0,0,0,0,0,0,0,0,0,0,0,0,0,0,0,0,0,0,0,0,0,0,0,0,0,0,0,0,0,0,0,0,0,0,0,0,0,0,0,0,0,0,0,0,0,0,0,0,0,0,0,0,0,0,0,0,0,0,0,0,0,0,0,0,0,0,0,0,0,0,0,0,0,3536,3537,3538,3539,
0,0,0,0,0,0,0,0,0,0,0,0,0,0,0,0,0,0,0,0,0,0,0,0,0,0,0,0,0,0,0,0,0,0,0,0,0,0,0,0,0,0,0,0,0,0,0,0,0,0,0,0,0,0,0,0,0,0,0,0,0,0,0,0,0,0,0,0,0,0,0,0,0,0,0,0,0,0,0,0,0,0,0,0,0,0,0,0,0,0,0,0,0,0,0,0,0,0,0,0,0,0,0,0,0,0,0,0,0,0,0,0,0,0,0,0,3596,3597,3598,3599,
3415,3416,3417,3418,3419,3420,0,0,0,0,0,0,0,0,0,0,0,0,0,0,0,0,0,0,0,0,0,0,0,0,0,0,0,0,0,0,0,0,0,0,0,0,0,0,0,0,0,0,0,0,0,0,0,0,0,0,0,3532,3533,0,0,0,0,0,0,0,0,0,0,0,0,0,0,0,0,0,0,0,0,0,0,0,0,0,0,0,0,0,0,0,0,0,0,0,0,0,0,0,0,0,0,0,0,0,0,0,0,0,0,0,0,0,0,0,0,0,3416,3417,3418,3419,
3475,3476,3477,3478,3479,3480,0,0,0,0,0,0,0,0,0,0,0,0,0,0,0,0,0,0,0,0,0,0,0,0,0,0,0,0,0,0,0,0,0,0,0,0,0,0,0,0,0,0,0,0,0,0,0,0,0,0,0,3592,3593,0,0,0,0,0,0,0,0,0,0,0,0,0,0,0,0,0,0,0,0,0,0,0,0,0,0,0,0,0,0,0,0,0,0,0,0,0,0,0,0,0,0,0,0,0,0,0,0,0,0,0,0,0,0,0,0,0,3476,3477,3478,3479,
3535,3536,3537,3538,3539,3540,0,0,0,0,0,0,0,0,0,0,0,0,0,0,0,0,0,0,0,0,0,0,0,0,0,0,0,0,0,0,0,0,0,0,0,0,0,0,0,0,0,0,0,0,0,0,0,0,0,0,0,0,0,0,0,0,0,0,0,0,0,0,0,0,0,0,0,0,0,0,0,0,0,0,0,0,0,0,0,0,0,0,0,0,0,0,0,0,0,0,0,0,0,0,0,0,0,0,0,0,0,0,0,0,0,0,0,0,0,0,3536,3537,3538,3539,
3595,3596,3597,3598,3599,3600,0,0,0,0,0,0,0,0,0,0,0,0,0,0,0,0,0,0,0,0,0,0,0,0,0,0,0,0,0,0,0,0,0,0,0,0,0,0,0,0,0,0,0,0,0,0,0,0,0,0,0,0,0,0,0,0,0,0,0,0,0,0,0,0,0,0,0,0,0,0,0,0,0,0,0,0,0,0,0,0,0,0,0,0,0,0,0,0,0,0,0,0,0,0,0,0,0,0,0,0,0,0,0,0,0,0,0,0,0,0,3596,3597,3598,3599,
3415,3416,3417,3418,3419,3420,0,0,0,0,0,0,0,0,0,0,0,0,0,0,0,0,0,881,882,883,884,885,886,887,888,889,890,0,0,0,0,0,0,0,0,0,0,0,0,0,0,0,0,0,0,0,0,0,0,0,0,0,0,0,0,0,0,0,0,0,0,0,0,0,0,0,0,0,0,0,881,882,883,884,885,886,887,888,889,890,0,0,0,0,0,0,0,0,0,0,0,0,0,0,0,0,0,0,0,0,0,0,0,0,0,0,0,0,0,0,3416,3417,3418,3419,
3475,3476,3477,3478,3479,3480,0,0,0,0,0,0,0,0,0,0,0,0,0,0,0,0,0,941,942,943,944,945,946,947,948,949,950,0,0,0,0,0,0,0,0,0,0,0,0,0,0,0,0,0,0,0,0,0,0,0,0,0,0,0,0,0,0,0,0,0,0,0,0,0,0,0,0,0,0,0,941,942,943,944,945,946,947,948,949,950,0,0,0,0,0,0,0,0,0,0,0,0,0,0,3532,3533,0,0,0,0,0,0,0,0,0,0,0,0,0,0,3476,3477,3478,3479,
3535,3536,3537,3538,3539,3540,0,0,0,0,0,0,0,0,0,0,0,0,0,0,0,0,0,1001,1002,1003,1004,1005,1006,1007,1008,1009,1010,0,0,0,0,0,0,0,0,0,0,0,0,0,0,0,0,0,0,0,0,0,0,0,0,0,0,0,0,0,0,0,0,0,0,0,0,0,0,0,0,0,0,0,1001,1002,1003,1004,1005,1006,1007,1008,1009,1010,0,0,0,0,0,0,0,0,0,0,0,0,0,0,3592,3593,0,0,0,0,0,0,0,0,0,0,0,0,0,0,3536,3537,3538,3539,
3595,3596,3597,3598,3599,3600,0,0,0,0,0,0,0,0,0,0,0,0,0,0,0,0,0,1061,1062,1063,1064,1065,1066,1067,1068,1069,1070,0,0,0,0,0,0,0,0,0,0,0,0,0,0,0,0,0,0,0,0,0,0,0,0,0,0,0,0,0,0,0,0,0,0,0,0,0,0,0,0,0,0,0,1061,1062,1063,1064,1065,1066,1067,1068,1069,1070,0,0,0,0,0,0,0,0,0,0,0,0,0,0,0,0,0,0,0,0,0,0,0,0,0,0,0,0,0,0,3596,3597,3598,3599,
3415,3416,3417,3418,3419,3420,0,0,0,0,0,0,0,0,0,0,0,0,0,0,0,0,0,1121,1122,1123,1124,1125,1126,1127,1128,1129,1130,0,0,0,0,0,0,0,0,0,0,0,0,0,0,0,0,0,0,0,0,0,0,0,0,0,0,0,0,0,0,0,0,0,0,0,0,0,0,0,0,0,0,0,1121,1122,1123,1124,1125,1126,1127,1128,1129,1130,0,0,0,0,0,0,0,0,0,0,0,0,0,0,0,0,0,0,0,0,0,0,0,0,0,0,0,0,0,0,3416,3417,3418,3419,
3475,3476,3477,3478,3479,3480,0,0,0,0,0,0,0,0,0,0,0,0,0,0,0,0,0,1181,1182,1183,1184,1185,1186,1187,1188,1189,1190,0,0,0,0,0,0,0,0,0,0,0,0,0,0,0,0,0,0,0,0,0,0,0,0,0,0,0,0,0,0,0,0,0,0,0,0,0,0,0,0,0,0,0,1181,1182,1183,1184,1185,1186,1187,1188,1189,1190,0,0,0,0,0,0,0,0,0,0,0,0,0,0,0,0,0,0,0,0,0,0,0,0,0,0,0,0,0,0,3476,3477,3478,3479,
3535,3536,3537,3538,3539,3540,0,0,0,0,0,0,0,0,0,0,0,0,0,0,0,0,0,1241,1242,1243,1244,1245,1246,1247,1248,1249,1250,0,0,0,0,0,0,0,0,0,0,0,0,0,0,0,0,0,0,0,0,0,0,0,0,0,0,0,0,0,0,0,0,0,0,0,0,0,0,0,0,0,0,0,1241,1242,1243,1244,1245,1246,1247,1248,1249,1250,0,0,0,0,0,0,0,0,0,0,0,0,0,0,0,0,0,0,0,0,0,0,0,0,0,0,0,0,0,0,3536,3537,3538,3539,
3595,3596,3597,3598,3599,3600,0,0,0,0,0,0,0,0,0,0,0,0,0,0,0,0,0,0,1302,1303,1304,1305,1306,1307,1308,1309,0,0,0,0,0,0,0,0,0,0,0,0,0,0,0,0,0,0,0,0,0,0,0,0,0,0,0,0,0,0,0,0,0,0,0,0,0,0,0,0,0,0,0,0,0,1302,1303,1304,1305,1306,1307,1308,1309,0,0,0,0,0,0,0,0,0,0,0,0,0,0,0,0,0,0,0,0,0,0,0,0,0,0,0,0,0,0,0,3596,3597,3598,3599,
3415,3416,3417,3418,3419,3420,0,0,0,0,0,0,0,3532,3533,0,0,0,0,0,0,0,0,0,0,0,0,0,0,0,0,0,0,0,0,0,0,0,0,0,0,0,0,0,0,0,0,0,0,0,0,0,0,0,0,0,0,0,0,0,0,0,0,0,0,0,0,0,0,0,0,0,0,0,0,0,0,0,0,0,0,0,0,0,0,0,0,0,0,0,0,0,0,0,0,0,0,0,0,0,0,0,0,0,0,0,0,0,0,0,0,0,0,0,0,0,3416,3417,3418,3419,
3475,3476,3477,3478,3479,3480,0,0,0,0,0,0,0,3592,3593,0,0,0,0,0,0,0,0,0,0,0,0,0,0,0,0,0,0,0,0,0,0,0,0,0,0,0,0,0,0,0,0,0,0,0,0,0,0,0,0,0,0,0,0,0,0,0,0,0,0,0,0,0,0,0,0,0,0,0,0,0,0,0,0,0,0,0,0,0,0,0,0,0,0,0,0,0,0,0,0,0,0,0,0,0,0,0,0,0,0,0,0,0,0,0,0,0,0,0,0,0,3476,3477,3478,3479,
3535,3536,3537,3538,3539,3540,0,0,0,0,0,0,0,0,0,0,0,0,0,0,0,0,0,0,0,0,0,0,0,0,0,0,0,0,0,0,0,0,0,0,0,0,0,0,0,0,0,0,0,0,2921,2922,2923,2924,2925,2926,2927,2928,0,0,0,0,0,0,0,0,0,0,0,0,0,0,0,0,0,0,0,0,0,0,0,0,0,0,0,0,0,0,0,0,0,0,0,0,0,0,0,0,0,0,0,0,0,0,0,0,0,0,0,0,0,0,0,0,0,0,3536,3537,3538,3539,
3595,3596,3597,3598,3599,3600,0,0,0,0,0,0,0,0,0,0,0,0,0,0,0,0,0,0,0,0,0,0,0,0,0,0,0,0,0,0,0,0,0,0,0,0,0,0,0,0,0,0,0,0,2981,2982,2983,2984,2985,2986,2987,2988,0,0,0,0,0,0,0,0,0,0,0,0,0,0,0,0,0,0,0,0,0,0,0,0,0,0,0,0,0,0,0,0,0,0,0,0,0,0,0,0,0,0,0,0,0,0,0,0,0,0,0,0,0,0,0,0,0,0,3596,3597,3598,3599,
3415,3416,3417,3418,3419,3420,0,0,0,0,0,0,0,0,0,0,0,0,0,0,0,0,0,0,0,0,0,0,0,0,0,0,0,0,0,0,0,0,0,0,0,0,0,0,0,0,0,0,0,0,3041,3042,3043,3044,3045,3046,3047,3048,0,0,0,0,0,0,0,0,0,0,0,0,0,0,0,0,0,0,0,0,0,0,0,0,0,0,0,0,0,0,0,0,0,0,0,0,0,0,0,0,0,0,0,0,0,0,0,0,0,0,0,0,0,0,0,0,0,0,3416,3417,3418,3419,
3475,3476,3477,3478,3479,3480,0,0,0,0,0,0,0,0,0,0,0,0,0,0,0,0,0,0,0,0,0,0,0,0,0,0,0,0,0,0,0,0,0,0,0,0,0,0,0,0,0,0,0,0,3101,3102,3103,3104,3105,3106,3107,3108,0,0,0,0,0,0,0,0,0,0,0,0,0,0,0,0,0,0,0,0,0,0,0,0,0,0,0,0,0,0,0,0,0,0,0,0,0,0,0,0,0,0,0,0,0,0,0,0,0,0,0,0,0,0,0,0,0,0,3476,3477,3478,3479,
3535,3536,3537,3538,3539,3540,0,0,0,0,0,0,0,0,0,0,0,0,0,0,0,0,0,0,0,0,0,0,0,0,0,0,0,0,0,0,0,0,0,0,0,0,0,0,0,0,0,0,0,0,3161,3162,3163,3164,3165,3166,3167,3168,0,0,0,0,0,0,0,0,0,0,0,0,0,0,0,0,0,0,0,0,0,0,0,0,0,0,0,0,0,0,0,0,0,0,0,0,0,0,0,0,0,0,0,0,0,0,0,0,0,0,0,0,0,0,0,0,0,0,3536,3537,3538,3539,
3595,3596,3597,3598,3599,3600,0,0,0,0,0,0,0,0,0,0,0,0,0,0,0,0,0,0,0,0,0,0,0,0,0,0,0,0,0,0,0,0,0,0,0,0,0,0,0,0,0,0,0,0,0,3222,3223,3224,3225,3226,3227,0,0,0,0,0,0,0,0,0,0,0,0,0,0,0,0,0,0,0,0,0,0,0,0,0,0,0,0,0,0,0,0,0,0,0,0,0,0,0,0,0,0,0,0,0,0,0,0,0,0,0,0,0,0,0,0,0,0,0,3596,3597,3598,3599,
3415,3416,3417,3418,3419,3420,0,0,0,0,0,0,0,0,0,0,0,0,0,0,0,0,0,0,0,0,0,0,0,0,0,0,0,0,0,0,0,0,0,0,0,0,0,0,0,0,0,0,0,0,0,0,0,0,0,0,0,0,0,0,0,0,0,0,0,0,0,0,0,0,0,0,0,0,0,0,0,0,0,0,0,0,0,0,0,0,0,0,0,0,0,0,0,0,0,0,0,0,0,0,0,0,0,0,0,0,0,0,0,0,0,0,0,0,0,0,3416,3417,3418,3419,
3475,3476,3477,3478,3479,3480,0,0,0,0,0,0,0,0,0,0,0,0,0,0,0,0,0,0,0,0,0,0,0,0,0,0,0,0,0,0,0,0,0,0,0,0,0,0,0,0,0,0,0,0,0,0,0,0,0,0,0,0,0,0,0,0,0,0,0,0,0,0,0,0,0,0,0,0,0,0,0,0,0,0,0,0,0,0,0,0,0,0,0,0,0,0,0,0,0,0,0,0,0,0,0,0,0,0,0,0,0,0,0,0,0,0,0,0,0,0,3476,3477,3478,3479,
3535,3536,3537,3538,3539,3540,0,0,0,0,0,0,0,0,0,0,0,0,0,0,0,0,0,0,0,0,0,0,0,0,0,0,0,0,0,0,0,0,0,0,0,0,0,0,0,0,0,0,0,0,0,0,0,0,0,0,0,0,0,0,0,0,0,0,0,0,0,0,0,0,0,0,0,0,0,0,0,0,0,0,0,0,0,0,0,0,0,0,0,0,0,0,0,0,0,0,0,0,0,0,0,0,0,0,0,0,0,0,0,0,0,0,0,0,0,0,3536,3537,3538,3539,
3595,3596,3597,3598,3599,3600,0,0,0,0,0,0,0,0,0,0,0,0,0,0,0,2921,2922,2923,2924,2925,2926,2927,2928,0,0,0,0,0,0,0,0,0,0,0,0,0,0,0,0,0,0,0,0,0,0,0,0,0,0,0,0,0,0,0,0,0,0,0,0,0,0,0,0,0,0,0,0,0,0,0,0,0,0,0,0,0,0,0,0,0,0,0,0,0,0,0,0,0,0,0,0,0,0,0,0,0,0,0,0,0,0,0,0,0,0,0,0,0,0,0,3596,3597,3598,3599,
3415,3416,3417,3418,3419,3420,0,0,0,0,0,0,0,0,0,0,0,0,0,0,0,2981,2982,2983,2984,2985,2986,2987,2988,0,0,0,0,0,0,0,0,0,0,0,0,0,0,0,0,0,0,0,0,0,0,0,0,0,0,0,0,0,0,0,0,0,0,0,0,0,0,0,0,0,0,0,0,0,0,0,0,0,0,0,0,0,0,0,0,0,0,0,0,0,0,0,0,0,0,0,0,0,0,0,0,0,0,0,0,0,0,0,0,0,0,0,0,0,0,0,3416,3417,3418,3419,
3475,3476,3477,3478,3479,3480,0,0,0,0,0,0,0,0,0,0,0,0,0,0,0,3041,3042,3043,3044,3045,3046,3047,3048,0,0,0,0,0,0,0,0,0,0,0,0,0,0,0,0,0,0,0,0,0,0,0,0,0,0,0,0,0,0,0,0,0,0,0,0,0,0,0,0,0,0,0,0,0,0,0,2921,2922,2923,2924,2925,2926,2927,2928,0,0,0,0,0,0,0,0,0,0,0,0,0,0,0,0,0,0,0,0,0,0,0,0,0,0,0,0,0,0,0,0,3476,3477,3478,3479,
3535,3536,3537,3538,3539,3540,0,0,0,0,0,0,0,0,0,0,0,0,0,0,0,3101,3102,3103,3104,3105,3106,3107,3108,0,0,0,0,0,0,0,0,0,0,0,0,0,0,0,0,0,0,0,0,0,0,0,0,0,0,0,0,0,0,0,0,0,0,0,0,0,0,0,0,0,0,0,0,0,0,0,2981,2982,2983,2984,2985,2986,2987,2988,0,0,0,0,0,0,0,0,0,0,0,0,0,0,0,0,0,0,0,0,0,0,0,0,0,0,0,0,0,0,0,0,3536,3537,3538,3539,
3595,3596,3597,3598,3599,3600,0,0,0,0,0,0,0,0,0,0,0,0,0,0,0,3161,3162,3163,3164,3165,3166,3167,3168,0,0,0,0,0,0,0,0,0,0,0,0,0,0,0,0,0,0,0,0,0,0,0,0,0,0,0,0,0,0,0,0,0,0,0,0,0,0,0,0,0,0,0,0,0,0,0,3041,3042,3043,3044,3045,3046,3047,3048,0,0,0,0,0,0,0,0,0,0,0,0,0,0,0,0,0,0,0,0,0,0,0,0,0,0,0,0,0,0,0,0,3596,3597,3598,3599,
3415,3416,3417,3418,3419,3420,0,0,0,0,0,0,0,0,0,0,0,0,0,0,0,0,3222,3223,3224,3225,3226,3227,0,0,0,0,0,0,0,0,0,0,0,0,0,0,3532,3533,0,0,0,0,0,0,0,0,0,0,0,0,0,0,0,0,0,0,0,0,0,0,0,0,0,0,0,0,0,0,0,0,3101,3102,3103,3104,3105,3106,3107,3108,0,0,0,0,0,0,0,0,0,0,0,0,0,0,0,0,0,0,0,0,0,0,0,0,0,0,0,0,0,0,0,0,3416,3417,3418,3419,
3475,3476,3477,3478,3479,3480,0,0,0,0,0,0,0,0,0,0,0,0,0,0,0,0,0,0,0,0,0,0,0,0,0,0,0,0,0,0,0,0,0,0,0,0,3592,3593,0,0,0,0,0,0,0,0,0,0,0,0,0,0,0,0,0,0,0,0,0,0,0,0,0,0,0,0,0,0,0,0,3161,3162,3163,3164,3165,3166,3167,3168,0,0,0,0,0,0,0,0,0,0,0,0,0,0,0,0,0,0,0,0,0,0,0,0,0,0,0,0,0,0,0,0,3476,3477,3478,3479,
3535,3536,3537,3538,3539,3540,0,0,0,0,0,0,0,0,0,0,0,0,0,0,0,0,0,0,0,0,0,0,0,0,0,0,0,0,0,0,0,0,0,0,0,0,0,0,0,0,0,0,0,0,0,0,0,0,0,0,0,0,0,0,0,0,0,0,0,0,0,0,0,0,0,0,0,0,0,0,0,3222,3223,3224,3225,3226,3227,0,0,0,0,0,0,0,0,0,0,0,0,0,0,0,0,0,0,0,0,0,0,0,0,0,0,0,0,0,0,0,0,0,3536,3537,3538,3539,
3595,3596,3597,3598,3599,3600,0,0,0,0,0,0,0,0,0,0,0,0,0,0,0,0,0,0,0,0,0,0,0,0,0,0,0,0,0,0,0,0,0,0,0,0,0,0,0,0,0,0,0,0,0,0,0,0,0,0,0,0,0,0,0,0,0,0,0,0,0,0,0,0,0,0,0,0,0,0,0,0,0,0,0,0,0,0,0,0,0,0,0,0,0,0,0,0,0,0,0,0,0,0,0,0,0,0,0,0,0,0,0,0,0,0,0,0,0,0,3596,3597,3598,3599,
3415,3416,3417,3418,3419,3420,0,0,0,0,0,0,0,0,0,0,0,0,0,0,0,0,0,0,0,0,0,0,0,0,0,0,0,0,0,0,0,0,0,0,0,0,0,0,0,0,0,0,0,0,0,0,0,0,0,0,0,0,0,0,0,0,0,0,0,0,0,0,0,0,0,0,0,0,0,0,0,0,0,0,0,0,0,0,0,0,0,0,0,0,0,0,0,0,0,0,0,0,0,0,0,0,0,0,0,0,0,0,0,0,0,0,0,0,0,0,3416,3417,3418,3419,
3475,3476,3477,3478,3479,3480,0,0,0,0,0,0,0,0,0,0,0,0,0,0,0,0,0,0,0,0,0,0,0,0,0,0,0,0,0,0,0,0,0,0,0,0,0,0,0,0,0,0,0,0,0,0,0,0,0,0,0,0,0,0,0,0,0,0,0,0,0,0,0,0,0,0,0,0,0,0,0,0,0,0,0,0,0,0,0,0,0,0,0,0,0,0,0,0,0,0,0,0,0,0,0,0,0,0,0,0,0,0,0,0,0,0,0,0,0,0,3476,3477,3478,3479,
3535,3536,3537,3538,3539,3540,0,0,0,0,0,0,0,0,0,0,0,0,0,0,0,0,0,0,0,0,0,0,0,0,0,0,0,0,0,0,0,0,0,0,0,0,0,0,0,0,0,0,0,0,0,0,0,0,0,0,0,0,0,0,0,0,0,0,0,0,0,0,0,0,0,0,0,0,0,0,0,0,0,0,0,0,0,0,0,0,0,0,0,0,0,0,0,0,0,0,0,0,0,0,0,0,0,0,0,0,0,0,0,0,0,0,0,0,0,0,3536,3537,3538,3539,
3595,3596,3597,3598,3599,3600,0,0,0,0,0,0,0,0,0,0,0,0,0,0,0,0,0,0,0,0,0,0,0,0,0,0,0,0,0,0,0,0,0,0,0,0,0,0,0,0,0,0,0,0,0,0,0,0,0,0,0,0,0,0,0,0,0,0,0,0,0,0,0,0,0,0,0,0,0,0,0,0,0,0,0,0,0,0,0,0,0,0,0,0,0,0,0,0,0,3532,3533,0,0,0,0,0,0,0,0,0,0,0,0,0,0,0,0,0,0,0,3596,3597,3598,3599,
3415,3416,3417,3418,3419,3420,0,0,0,0,0,0,0,0,0,0,0,0,0,0,0,0,0,0,0,0,0,0,0,0,0,0,0,0,0,0,0,0,0,0,0,0,0,0,0,0,0,0,0,0,0,0,0,0,0,0,0,0,0,0,0,0,0,0,0,0,0,0,0,0,0,0,0,0,0,0,0,0,0,0,0,0,0,0,0,0,0,0,0,0,0,0,0,0,0,3592,3593,0,0,0,0,0,0,0,0,0,0,0,0,0,0,0,0,0,0,0,3416,3417,3418,3419,
3475,3476,3477,3478,3479,3480,0,0,0,0,0,0,0,0,0,0,0,0,0,0,0,0,0,0,0,0,0,0,0,0,0,0,0,0,0,0,0,0,0,0,0,0,0,0,0,0,0,0,0,0,0,0,0,0,0,0,0,0,0,0,0,0,0,0,0,0,0,0,0,0,0,0,0,0,0,0,0,0,0,0,0,0,0,0,0,0,0,0,0,0,0,0,0,0,0,0,0,0,0,0,0,0,0,0,0,0,0,0,0,0,0,0,0,0,0,0,3476,3477,3478,3479,
3535,3536,3537,3538,3539,3540,0,0,0,0,0,0,0,0,0,0,0,0,0,0,0,0,0,0,0,0,0,0,0,0,0,0,0,0,0,0,0,0,0,0,0,0,0,0,0,0,0,0,0,0,0,0,0,0,0,0,0,0,0,0,0,0,0,0,0,0,0,0,0,0,0,0,0,0,0,0,0,0,0,0,0,0,0,0,0,0,0,0,0,0,0,0,0,0,0,0,0,0,0,0,0,0,0,0,0,0,0,0,0,0,0,0,0,0,0,0,3536,3537,3538,3539,
3595,3596,3597,3598,3599,3600,0,0,0,0,0,0,0,0,0,0,0,0,0,0,0,0,0,0,0,0,0,0,0,0,0,0,0,0,0,0,0,0,0,0,0,0,0,0,0,0,0,0,0,0,0,0,0,0,0,0,0,0,0,0,0,0,0,0,0,0,0,0,0,0,0,0,0,0,0,0,0,0,0,0,0,0,0,0,0,0,0,0,0,0,0,0,0,0,0,0,0,0,0,0,0,0,0,0,0,0,0,0,0,0,0,0,0,0,0,0,3596,3597,3598,3599,
3415,3416,3417,3418,3419,3420,0,0,0,0,0,0,0,0,0,0,0,0,0,0,0,0,3532,3533,0,0,0,0,0,0,0,0,0,0,0,2921,2922,2923,2924,2925,2926,2927,2928,0,0,0,0,0,0,0,0,0,0,0,0,0,0,0,0,0,0,0,0,0,0,0,0,0,0,0,0,0,0,0,0,0,0,0,0,0,0,0,0,0,0,0,0,0,0,0,0,0,0,0,0,0,0,0,0,0,0,0,0,0,0,0,0,0,0,0,0,0,0,0,0,0,3416,3417,3418,3419,
3475,3476,3477,3478,3479,3480,0,0,0,0,0,0,0,0,0,0,0,0,0,0,0,0,3592,3593,0,0,0,0,0,0,0,0,0,0,0,2981,2982,2983,2984,2985,2986,2987,2988,0,0,0,0,0,0,0,0,0,0,0,0,0,0,0,0,0,0,0,0,0,0,0,0,0,0,0,0,0,0,0,0,0,0,0,0,0,0,0,0,0,0,0,0,0,0,0,0,0,0,0,0,0,0,0,0,0,0,0,0,0,0,0,0,0,0,0,0,0,0,0,0,0,3476,3477,3478,3479,
3535,3536,3537,3538,3539,3540,0,0,0,0,0,0,0,0,0,0,0,0,0,0,0,0,0,0,0,0,0,0,0,0,0,0,0,0,0,3041,3042,3043,3044,3045,3046,3047,3048,0,0,0,0,0,0,0,0,0,0,0,0,0,0,0,0,0,0,0,0,0,0,0,0,0,0,0,0,0,0,0,0,0,0,0,0,0,0,0,0,0,0,0,0,0,0,0,0,0,0,0,0,0,0,0,0,0,0,0,0,0,0,0,0,0,0,0,0,0,0,0,0,0,3536,3537,3538,3539,
3595,3596,3597,3598,3599,3600,0,0,0,0,0,0,0,0,0,0,0,0,0,0,0,0,0,0,0,0,0,0,0,0,0,0,0,0,0,3101,3102,3103,3104,3105,3106,3107,3108,0,0,0,0,0,0,0,0,0,0,0,0,0,0,0,0,0,0,0,0,0,0,0,0,0,0,0,0,0,0,0,0,0,0,0,0,0,0,0,0,0,0,0,0,0,0,0,0,0,0,0,0,0,0,0,0,0,0,0,0,0,0,0,0,0,0,0,0,0,0,0,0,0,3596,3597,3598,3599,
3415,3416,3417,3418,3419,3420,0,0,0,0,0,0,0,0,0,0,0,0,0,0,0,0,0,0,0,0,0,0,0,0,0,0,0,0,0,3161,3162,3163,3164,3165,3166,3167,3168,0,0,0,0,0,0,0,0,0,0,0,0,0,0,0,0,0,0,0,0,0,0,0,0,0,0,0,0,0,0,0,0,0,0,0,0,0,0,0,0,0,0,0,0,0,0,0,0,0,0,0,0,0,0,0,0,0,0,0,0,0,0,0,0,0,0,0,0,0,0,0,0,0,3416,3417,3418,3419,
3475,3476,3477,3478,3479,3480,0,0,0,0,0,0,0,0,0,0,0,0,0,0,0,0,0,0,0,0,0,0,0,0,0,0,0,0,0,0,3222,3223,3224,3225,3226,3227,0,0,0,0,0,0,0,0,0,0,0,0,0,0,0,0,0,0,0,0,0,0,0,0,3532,3533,0,0,0,0,0,0,0,0,0,0,0,0,0,0,0,0,0,0,0,0,0,0,0,0,0,0,0,0,0,0,0,0,0,0,0,0,0,0,0,0,0,0,0,0,0,0,0,0,3476,3477,3478,3479,
3535,3536,3537,3538,3539,3540,0,0,0,0,0,0,0,0,0,0,0,0,0,0,0,0,0,0,0,0,0,0,0,0,0,0,0,0,0,0,0,0,0,0,0,0,0,0,0,0,0,0,0,0,0,0,0,0,0,0,0,0,0,0,0,0,0,0,0,0,3592,3593,0,0,0,0,0,0,0,0,0,0,0,0,0,0,0,0,0,0,0,0,0,0,0,0,0,0,0,0,0,0,0,0,0,0,0,0,0,0,0,0,0,0,0,0,0,0,0,0,3536,3537,3538,3539,
3595,3596,3597,3598,3599,3600,0,0,0,0,0,0,0,0,0,0,0,0,0,0,0,0,0,0,0,0,0,0,0,0,0,0,0,0,0,0,0,0,0,0,0,0,0,0,0,0,0,0,0,0,0,0,0,0,0,0,0,0,0,0,0,0,0,0,0,0,0,0,0,0,0,0,0,0,0,0,0,0,0,0,0,0,0,0,0,0,0,0,0,0,0,0,0,0,0,0,0,0,0,0,0,0,0,0,0,0,0,0,0,0,0,0,0,0,0,0,3596,3597,3598,3599,
3415,3416,3417,3418,3419,3420,0,0,0,0,0,0,0,0,0,0,0,0,0,0,0,0,0,0,0,0,0,0,0,0,0,0,0,0,0,0,0,0,0,0,0,0,0,0,0,0,0,0,0,0,0,0,0,0,0,0,0,0,0,0,0,0,0,0,0,0,0,0,0,0,0,0,0,0,0,0,0,0,0,0,0,0,0,0,0,0,0,0,0,0,0,0,0,0,0,0,0,0,0,0,0,0,0,0,0,0,0,0,0,0,0,0,0,0,0,0,3416,3417,3418,3419,
3475,3476,3477,3478,3479,3480,0,0,0,0,0,0,0,0,0,0,0,0,0,0,0,0,0,0,0,0,0,0,0,0,0,0,0,0,0,0,0,0,0,0,0,0,0,0,0,0,0,0,0,0,0,0,0,0,0,0,0,0,0,0,0,0,0,0,0,0,0,0,0,0,0,0,0,0,0,0,0,0,0,0,0,0,0,0,0,0,0,0,0,0,0,0,0,0,0,0,0,0,0,0,0,0,0,0,0,0,0,0,0,0,0,0,0,0,0,0,3476,3477,3478,3479,
3535,3536,3537,3538,3539,3540,0,0,0,0,0,0,0,0,0,0,0,0,0,0,0,0,0,0,0,0,0,0,0,0,0,0,0,0,0,0,0,0,0,0,0,0,0,0,0,0,0,0,0,0,0,0,0,0,0,0,0,0,0,0,0,0,0,0,0,0,0,0,0,0,0,0,0,0,0,0,0,0,0,0,0,0,0,0,0,0,0,0,0,0,0,0,0,0,0,0,0,0,0,0,0,0,0,0,0,0,0,0,0,0,0,0,0,0,0,0,3536,3537,3538,3539,
3595,3596,3597,3598,3599,3600,0,0,0,0,0,0,0,0,0,0,0,0,0,0,0,0,0,0,0,0,0,0,0,0,0,0,0,0,0,0,0,0,0,0,0,0,0,0,0,0,0,0,0,0,0,0,0,0,0,0,0,0,0,0,0,0,0,0,0,0,0,0,0,0,0,0,0,0,0,0,0,0,0,0,0,0,0,0,0,0,0,0,0,0,0,0,0,0,0,0,0,0,0,0,0,0,0,0,0,0,0,0,0,0,0,0,0,0,0,0,3596,3597,3598,3599,
3415,3416,3417,3418,3419,3420,0,0,0,0,0,0,0,0,0,0,0,0,0,0,0,0,0,0,0,0,0,0,0,0,0,0,0,0,0,0,0,0,0,0,0,0,0,0,0,0,0,0,0,0,0,0,0,0,0,0,0,0,0,0,0,0,0,0,0,0,0,0,0,0,0,0,0,0,0,0,0,0,0,0,0,0,0,0,0,0,0,0,0,0,0,0,0,0,0,0,0,0,0,0,0,0,0,0,0,0,0,0,0,0,0,0,0,0,0,0,3416,3417,3418,3419,
3475,3476,3477,3478,3479,3480,0,0,0,0,0,0,0,0,0,0,0,0,0,0,0,0,0,0,0,0,0,0,0,0,0,0,0,0,0,0,0,0,0,0,0,0,0,0,0,0,0,0,0,0,0,0,0,0,0,0,0,0,0,0,0,0,0,0,0,0,0,0,0,0,0,0,0,0,0,0,0,0,0,0,0,0,0,0,0,0,0,0,0,0,0,0,0,0,0,0,0,0,0,0,0,0,0,0,0,0,0,0,0,0,0,0,0,0,0,0,3476,3477,3478,3479,
3535,3536,3537,3538,3539,3523,3524,3523,3524,3523,3524,3523,3524,3523,3524,3523,3524,3523,3524,3523,3524,3523,3524,3523,3524,3523,3524,3523,3524,3523,3524,3523,3524,3523,3524,3523,3524,3523,3524,3523,3524,3523,3524,3523,3524,3523,3524,3523,3524,3523,3524,3523,3524,3523,3524,3523,3524,3523,3524,3523,3524,3523,3524,3523,3524,3523,3524,3523,3524,3523,3524,3523,3524,3523,3524,3523,3524,3523,3524,3523,3524,3523,3524,3523,3524,3523,3524,3523,3524,3523,3524,3523,3524,3523,3524,3523,3524,3523,3524,3523,3524,3523,3524,3523,3524,3523,3524,3523,3524,3523,3524,3523,3524,3523,3524,3523,3536,3537,3538,3539,
3595,3596,3597,3598,3599,3583,3584,3583,3584,3583,3584,3583,3584,3583,3584,3583,3584,3583,3584,3583,3584,3583,3584,3583,3584,3583,3584,3583,3584,3583,3584,3583,3584,3583,3584,3583,3584,3583,3584,3583,3584,3583,3584,3583,3584,3583,3584,3583,3584,3583,3584,3583,3584,3583,3584,3583,3584,3583,3584,3583,3584,3583,3584,3583,3584,3583,3584,3583,3584,3583,3584,3583,3584,3583,3584,3583,3584,3583,3584,3583,3584,3583,3584,3583,3584,3583,3584,3583,3584,3583,3584,3583,3584,3583,3584,3583,3584,3583,3584,3583,3584,3583,3584,3583,3584,3583,3584,3583,3584,3583,3584,3583,3584,3583,3584,3583,3596,3597,3598,3599
3175,3176,3177,3178,3179,3180,0,0,0,0,0,0,0,0,0,0,0,0,0,0,0,0,0,0,0,0,0,0,0,0,0,0,0,0,0,0,0,0,0,0,0,0,0,0,0,0,0,0,0,0,0,0,0,0,0,0,3291,3292,3293,3294,0,0,0,0,0,0,0,0,0,0,0,0,0,0,0,0,0,0,0,0,0,0,0,0,0,0,0,0,0,0,0,0,0,0,0,0,0,0,0,0,0,0,0,0,0,0,0,0,0,0,0,0,0,0,0,3175,3176,3177,3178,3179,
3235,3236,3237,3238,3239,3240,0,0,0,0,0,0,0,0,0,0,0,0,0,0,0,0,0,0,0,0,0,0,0,0,0,0,0,0,0,0,0,0,0,0,0,0,0,0,0,0,0,0,0,0,0,0,0,0,0,0,3351,3352,3353,3354,0,0,0,0,0,0,0,0,0,0,0,0,0,0,0,0,0,0,0,0,0,0,0,0,0,0,0,0,0,0,0,0,0,0,0,0,0,0,0,0,0,0,0,0,0,0,0,0,0,0,0,0,0,0,0,3235,3236,3237,3238,3239,
3295,3296,3297,3298,3299,3300,0,0,0,0,0,0,0,0,0,0,0,0,0,0,0,0,0,0,0,0,0,0,0,0,0,0,0,0,0,0,0,0,0,0,0,0,0,0,0,0,0,0,0,0,0,0,0,0,0,0,3411,3412,3413,3414,0,0,0,0,0,0,0,0,0,0,0,0,0,0,0,0,0,0,0,0,0,0,0,0,0,0,0,0,0,0,0,0,0,0,0,0,0,0,0,0,0,0,0,0,0,0,0,0,0,0,0,0,0,0,0,3295,3296,3297,3298,3299,
3355,3356,3357,3358,3359,3360,0,0,0,0,0,0,0,0,0,0,0,0,0,0,0,0,0,0,0,0,0,0,0,0,0,0,0,0,0,0,0,0,0,0,0,0,0,0,0,0,0,0,0,0,0,0,0,0,0,0,3471,3472,3473,3474,0,0,0,0,0,0,0,0,0,0,0,0,0,0,0,0,0,0,0,0,0,0,0,0,0,0,0,0,0,0,0,0,0,0,0,0,0,0,0,0,0,0,0,0,0,0,0,0,0,0,0,0,0,0,0,3355,3356,3357,3358,3359,
3175,3176,3177,3178,3179,3180,0,0,0,0,0,0,0,0,0,0,0,0,0,0,0,0,1720,1721,1722,1723,1724,1725,1726,1727,1728,1729,1730,1731,0,0,0,0,0,0,0,0,0,0,0,0,0,0,0,0,0,0,0,0,0,0,0,0,0,0,0,0,0,0,0,0,0,0,0,0,0,0,0,0,0,1720,1721,1722,1723,1724,1725,1726,1727,1728,1729,1730,1731,0,0,0,0,0,0,0,0,0,0,0,0,0,0,0,0,0,0,0,0,0,0,0,0,0,0,0,0,3175,3176,3177,3178,3179,
3235,3236,3237,3238,3239,3240,0,0,0,0,0,0,0,0,0,0,0,0,0,0,0,0,1780,1781,1782,1783,1784,1785,1786,1787,1788,1789,1790,1791,0,0,0,0,0,0,0,0,0,0,0,0,0,0,0,0,0,0,0,0,0,0,0,0,0,0,0,0,0,0,0,0,0,0,0,0,0,0,0,0,0,1780,1781,1782,1783,1784,1785,1786,1787,1788,1789,1790,1791,0,0,0,0,0,0,0,0,0,0,0,0,3291,3292,3293,3294,0,0,0,0,0,0,0,0,0,0,0,0,3235,3236,3237,3238,3239,
3295,3296,3297,3298,3299,3300,0,0,0,0,0,0,0,0,0,0,0,0,0,0,0,0,1840,1841,1842,1843,1844,1845,1846,1847,1848,1849,1850,1851,0,0,0,0,0,0,0,0,0,0,0,0,0,0,0,0,0,0,0,0,0,0,0,0,0,0,0,0,0,0,0,0,0,0,0,0,0,0,0,0,0,1840,1841,1842,1843,1844,1845,1846,1847,1848,1849,1850,1851,0,0,0,0,0,0,0,0,0,0,0,0,3351,3352,3353,3354,0,0,0,0,0,0,0,0,0,0,0,0,3295,3296,3297,3298,3299,
3355,3356,3357,3358,3359,3360,0,0,0,0,0,0,0,0,0,0,0,0,0,0,0,0,1900,1901,1902,1903,1904,1905,1906,1907,1908,1909,1910,1911,0,0,0,0,0,0,0,0,0,0,0,0,0,0,0,0,0,0,0,0,0,0,0,0,0,0,0,0,0,0,0,0,0,0,0,0,0,0,0,0,0,1900,1901,1902,1903,1904,1905,1906,1907,1908,1909,1910,1911,0,0,0,0,0,0,0,0,0,0,0,0,3411,3412,3413,3414,0,0,0,0,0,0,0,0,0,0,0,0,3355,3356,3357,3358,3359,
3175,3176,3177,3178,3179,3180,0,0,0,0,0,0,0,0,0,0,0,0,0,0,0,0,0,0,0,0,0,0,0,0,0,0,0,0,0,0,0,0,0,0,0,0,0,0,0,0,0,0,0,0,0,0,0,0,0,0,0,0,0,0,0,0,0,0,0,0,0,0,0,0,0,0,0,0,0,0,0,0,0,0,0,0,0,0,0,0,0,0,0,0,0,0,0,0,0,0,0,0,0,3471,3472,3473,3474,0,0,0,0,0,0,0,0,0,0,0,0,3175,3176,3177,3178,3179,
3235,3236,3237,3238,3239,3240,0,0,0,0,0,0,0,0,0,0,0,0,0,0,0,0,0,0,0,0,0,0,0,0,0,0,0,0,0,0,0,0,0,0,0,0,0,0,0,0,0,0,0,0,0,0,0,0,0,0,0,0,0,0,0,0,0,0,0,0,0,0,0,0,0,0,0,0,0,0,0,0,0,0,0,0,0,0,0,0,0,0,0,0,0,0,0,0,0,0,0,0,0,0,0,0,0,0,0,0,0,0,0,0,0,0,0,0,0,3235,3236,3237,3238,3239,
3295,3296,3297,3298,3299,3300,0,0,0,0,0,0,0,0,0,0,0,0,0,0,0,0,0,0,0,0,0,0,0,0,0,0,0,0,0,0,0,0,0,0,0,0,0,0,0,0,0,0,0,0,0,0,0,0,0,0,0,0,0,0,0,0,0,0,0,0,0,0,0,0,0,0,0,0,0,0,0,0,0,0,0,0,0,0,0,0,0,0,0,0,0,0,0,0,0,0,0,0,0,0,0,0,0,0,0,0,0,0,0,0,0,0,0,0,0,3295,3296,3297,3298,3299,
3355,3356,3357,3358,3359,3360,0,0,0,0,0,0,0,0,0,0,0,0,0,0,0,0,0,0,0,0,0,0,0,0,0,0,0,0,0,0,0,0,0,0,0,0,0,0,0,0,0,0,0,0,0,0,0,0,0,0,0,0,0,0,0,0,0,0,0,0,0,0,0,0,0,0,0,0,0,0,0,0,0,0,0,0,0,0,0,0,0,0,0,0,0,0,0,0,0,0,0,0,0,0,0,0,0,0,0,0,0,0,0,0,0,0,0,0,0,3355,3356,3357,3358,3359,
3175,3176,3177,3178,3179,3180,0,0,0,0,0,0,3291,3292,3293,3294,0,0,0,0,0,0,0,0,0,0,0,0,0,0,0,0,0,0,0,0,0,0,0,0,0,0,0,0,0,0,0,0,0,0,0,0,0,0,0,0,0,0,0,0,0,0,0,0,0,0,0,0,0,0,0,0,0,0,0,0,0,0,0,0,0,0,0,0,0,0,0,0,0,0,0,0,0,0,0,0,0,0,0,0,0,0,0,0,0,0,0,0,0,0,0,0,0,0,0,3175,3176,3177,3178,3179,
3235,3236,3237,3238,3239,3240,0,0,0,0,0,0,3351,3352,3353,3354,0,0,0,0,0,0,0,0,0,0,0,0,0,0,0,0,0,0,0,0,0,0,0,0,0,0,0,0,0,0,0,0,0,0,0,0,0,0,0,0,0,0,0,0,0,0,0,0,0,0,0,0,0,0,0,0,0,0,0,0,0,0,0,0,0,0,0,0,0,0,0,0,0,0,0,0,0,0,0,0,0,0,0,0,0,0,0,0,0,0,0,0,0,0,0,0,0,0,0,3235,3236,3237,3238,3239,
3295,3296,3297,3298,3299,3300,0,0,0,0,0,0,3411,3412,3413,3414,0,0,0,0,0,0,0,0,0,0,0,0,0,0,0,0,0,0,0,0,0,0,0,0,0,0,0,0,0,0,0,0,0,0,0,0,0,0,0,0,0,0,0,0,0,0,0,0,0,0,0,0,0,0,0,0,0,0,0,0,0,0,0,0,0,0,0,0,0,0,0,0,0,0,0,0,0,0,0,0,0,0,0,0,0,0,0,0,0,0,0,0,0,0,0,0,0,0,0,3295,3296,3297,3298,3299,
3355,3356,3357,3358,3359,3360,0,0,0,0,0,0,3471,3472,3473,3474,0,0,0,0,0,0,0,0,0,0,0,0,0,0,0,0,0,0,0,0,0,0,0,0,0,0,0,0,0,0,0,0,0,0,0,0,0,0,0,0,0,0,0,0,0,0,0,0,0,0,0,0,0,0,0,0,0,0,0,0,0,0,0,0,0,0,0,0,0,0,0,0,0,0,0,0,0,0,0,0,0,0,0,0,0,0,0,0,0,0,0,0,0,0,0,0,0,0,0,3355,3356,3357,3358,3359,
3175,3176,3177,3178,3179,3180,0,0,0,0,0,0,0,0,0,0,0,0,0,0,0,0,0,0,0,0,0,0,0,0,0,0,0,0,0,0,0,0,0,0,0,0,0,0,0,0,0,0,0,0,3053,3054,3055,3056,3057,3058,3059,3060,0,0,0,0,0,0,0,0,0,0,0,0,0,0,0,0,0,0,0,0,0,0,0,0,0,0,0,0,0,0,0,0,0,0,0,0,0,0,0,0,0,0,0,0,0,0,0,0,0,0,0,0,0,0,0,0,0,3175,3176,3177,3178,3179,
3235,3236,3237,3238,3239,3240,0,0,0,0,0,0,0,0,0,0,0,0,0,0,0,0,0,0,0,0,0,0,0,0,0,0,0,0,0,0,0,0,0,0,0,0,0,0,0,0,0,0,0,0,3113,3114,3115,3116,3117,3118,3119,3120,0,0,0,0,0,0,0,0,0,0,0,0,0,0,0,0,0,0,0,0,0,0,0,0,0,0,0,0,0,0,0,0,0,0,0,0,0,0,0,0,0,0,0,0,0,0,0,0,0,0,0,0,0,0,0,0,0,3235,3236,3237,3238,3239,
3295,3296,3297,3298,3299,3300,0,0,0,0,0,0,0,0,0,0,0,0,0,0,0,0,0,0,0,0,0,0,0,0,0,0,0,0,0,0,0,0,0,0,0,0,0,0,0,0,0,0,0,0,0,0,0,0,0,0,0,0,0,0,0,0,0,0,0,0,0,0,0,0,0,0,0,0,0,0,0,0,0,0,0,0,0,0,0,0,0,0,0,0,0,0,0,0,0,0,0,0,0,0,0,0,0,0,0,0,0,0,0,0,0,0,0,0,0,3295,3296,3297,3298,3299,
3355,3356,3357,3358,3359,3360,0,0,0,0,0,0,0,0,0,0,0,0,0,0,0,0,0,0,0,0,0,0,0,0,0,0,0,0,0,0,0,0,0,0,0,0,0,0,0,0,0,0,0,0,0,0,0,0,0,0,0,0,0,0,0,0,0,0,0,0,0,0,0,0,0,0,0,0,0,0,0,0,0,0,0,0,0,0,0,0,0,0,0,0,0,0,0,0,0,0,0,0,0,0,0,0,0,0,0,0,0,0,0,0,0,0,0,0,0,3355,3356,3357,3358,3359,
3175,3176,3177,3178,3179,3180,0,0,0,0,0,0,0,0,0,0,0,0,0,0,0,0,0,0,0,0,0,0,0,0,0,0,0,0,0,0,0,0,0,0,0,0,0,0,0,0,0,0,0,0,0,0,0,0,0,0,0,0,0,0,0,0,0,0,0,0,0,0,0,0,0,0,0,0,0,0,0,0,0,0,0,0,0,0,0,0,0,0,0,0,0,0,0,0,0,0,0,0,0,0,0,0,0,0,0,0,0,0,0,0,0,0,0,0,0,3175,3176,3177,3178,3179,
3235,3236,3237,3238,3239,3240,0,0,0,0,0,0,0,0,0,0,0,0,0,0,0,0,0,0,0,0,0,0,0,0,0,0,0,0,0,0,0,0,0,0,0,0,0,0,0,0,0,0,0,0,0,0,0,0,0,0,0,0,0,0,0,0,0,0,0,0,0,0,0,0,0,0,0,0,0,0,0,0,0,0,0,0,0,0,0,0,0,0,0,0,0,0,0,0,0,0,0,0,0,0,0,0,0,0,0,0,0,0,0,0,0,0,0,0,0,3235,3236,3237,3238,3239,
3295,3296,3297,3298,3299,3300,0,0,0,0,0,0,0,0,0,0,0,0,0,0,0,0,0,0,0,0,0,0,0,0,0,0,0,0,0,0,0,0,0,0,0,0,0,0,0,0,0,0,0,0,0,0,0,0,0,0,0,0,0,0,0,0,0,0,0,0,0,0,0,0,0,0,0,0,0,0,0,0,0,0,0,0,0,0,0,0,0,0,0,0,0,0,0,0,0,0,0,0,0,0,0,0,0,0,0,0,0,0,0,0,0,0,0,0,0,3295,3296,3297,3298,3299,
3355,3356,3357,3358,3359,3360,0,0,0,0,0,0,0,0,0,0,0,0,0,0,0,0,0,0,0,0,0,0,0,0,0,0,0,0,0,0,0,0,0,0,0,0,0,0,0,0,0,0,0,0,0,0,0,0,0,0,0,0,0,0,0,0,0,0,0,0,0,0,0,0,0,0,0,0,0,0,0,0,0,0,0,0,0,0,0,0,0,0,0,0,0,0,0,0,0,0,0,0,0,0,0,0,0,0,0,0,0,0,0,0,0,0,0,0,0,3355,3356,3357,3358,3359,
3175,3176,3177,3178,3179,3180,0,0,0,0,0,0,0,0,0,0,0,0,0,0,0,0,0,0,0,0,0,0,0,0,0,0,0,0,0,0,0,0,0,0,0,0,0,0,0,0,0,0,0,0,0,0,0,0,0,0,0,0,0,0,0,0,0,0,0,0,0,0,0,0,0,0,0,0,0,0,0,0,0,0,0,0,0,0,0,0,0,0,0,0,0,0,0,0,0,0,0,0,0,0,0,0,0,0,0,0,0,0,0,0,0,0,0,0,0,3175,3176,3177,3178,3179,
3235,3236,3237,3238,3239,3240,0,0,0,0,0,0,0,0,0,0,0,0,0,0,0,3053,3054,3055,3056,3057,3058,3059,3060,0,0,0,0,0,0,0,0,0,0,0,0,0,0,0,0,0,0,0,0,0,0,0,0,0,0,0,0,0,0,0,0,0,0,0,0,0,0,0,0,0,0,0,0,0,0,0,0,0,0,0,0,0,0,0,0,0,0,0,0,0,0,0,0,0,0,0,0,0,0,0,0,0,0,0,0,0,0,0,0,0,0,0,0,0,0,3235,3236,3237,3238,3239,
3295,3296,3297,3298,3299,3300,0,0,0,0,0,0,0,0,0,0,0,0,0,0,0,3113,3114,3115,3116,3117,3118,3119,3120,0,0,0,0,0,0,0,0,0,0,0,0,0,0,0,0,0,0,0,0,0,0,0,0,0,0,0,0,0,0,0,0,0,0,0,0,0,0,0,0,0,0,0,0,0,0,0,0,0,0,0,0,0,0,0,0,0,0,0,0,0,0,0,0,0,0,0,0,0,0,0,0,0,0,0,0,0,0,0,0,0,0,0,0,0,0,3295,3296,3297,3298,3299,
3355,3356,3357,3358,3359,3360,0,0,0,0,0,0,0,0,0,0,0,0,0,0,0,0,0,0,0,0,0,0,0,0,0,0,0,0,0,0,0,0,0,0,0,0,0,0,0,0,0,0,0,0,0,0,0,0,0,0,0,0,0,0,0,0,0,0,0,0,0,0,0,0,0,0,0,0,0,0,3053,3054,3055,3056,3057,3058,3059,3060,0,0,0,0,0,0,0,0,0,0,0,0,0,0,0,0,0,0,0,0,0,0,0,0,0,0,0,0,0,0,0,3355,3356,3357,3358,3359,
3175,3176,3177,3178,3179,3180,0,0,0,0,0,0,0,0,0,0,0,0,0,0,0,0,0,0,0,0,0,0,0,0,0,0,0,0,0,0,0,0,0,0,0,3291,3292,3293,3294,0,0,0,0,0,0,0,0,0,0,0,0,0,0,0,0,0,0,0,0,0,0,0,0,0,0,0,0,0,0,0,3113,3114,3115,3116,3117,3118,3119,3120,0,0,0,0,0,0,0,0,0,0,0,0,0,0,0,0,0,0,0,0,0,0,0,0,0,0,0,0,0,0,0,3175,3176,3177,3178,3179,
3235,3236,3237,3238,3239,3240,0,0,0,0,0,0,0,0,0,0,0,0,0,0,0,0,0,0,0,0,0,0,0,0,0,0,0,0,0,0,0,0,0,0,0,3351,3352,3353,3354,0,0,0,0,0,0,0,0,0,0,0,0,0,0,0,0,0,0,0,0,0,0,0,0,0,0,0,0,0,0,0,0,0,0,0,0,0,0,0,0,0,0,0,0,0,0,0,0,0,0,0,0,0,0,0,0,0,0,0,0,0,0,0,0,0,0,0,0,0,0,3235,3236,3237,3238,3239,
3295,3296,3297,3298,3299,3300,0,0,0,0,0,0,0,0,0,0,0,0,0,0,0,0,0,0,0,0,0,0,0,0,0,0,0,0,0,0,0,0,0,0,0,3411,3412,3413,3414,0,0,0,0,0,0,0,0,0,0,0,0,0,0,0,0,0,0,0,0,0,0,0,0,0,0,0,0,0,0,0,0,0,0,0,0,0,0,0,0,0,0,0,0,0,0,0,0,0,0,0,0,0,0,0,0,0,0,0,0,0,0,0,0,0,0,0,0,0,0,3295,3296,3297,3298,3299,
3355,3356,3357,3358,3359,3360,0,0,0,0,0,0,0,0,0,0,0,0,0,0,0,0,0,0,0,0,0,0,0,0,0,0,0,0,0,0,0,0,0,0,0,3471,3472,3473,3474,0,0,0,0,0,0,0,0,0,0,0,0,0,0,0,0,0,0,0,0,0,0,0,0,0,0,0,0,0,0,0,0,0,0,0,0,0,0,0,0,0,0,0,0,0,0,0,0,0,0,0,0,0,0,0,0,0,0,0,0,0,0,0,0,0,0,0,0,0,0,3355,3356,3357,3358,3359,
3175,3176,3177,3178,3179,3180,0,0,0,0,0,0,0,0,0,0,0,0,0,0,0,0,0,0,0,0,0,0,0,0,0,0,0,0,0,0,0,0,0,0,0,0,0,0,0,0,0,0,0,0,0,0,0,0,0,0,0,0,0,0,0,0,0,0,0,0,0,0,0,0,0,0,0,0,0,0,0,0,0,0,0,0,0,0,0,0,0,0,0,0,0,0,0,0,0,0,0,0,0,0,0,0,0,0,0,0,0,0,0,0,0,0,0,0,0,3175,3176,3177,3178,3179,
3235,3236,3237,3238,3239,3240,0,0,0,0,0,0,0,0,0,0,0,0,0,0,0,0,0,0,0,0,0,0,0,0,0,0,0,0,0,0,0,0,0,0,0,0,0,0,0,0,0,0,0,0,0,0,0,0,0,0,0,0,0,0,0,0,0,0,0,0,0,0,0,0,0,0,0,0,0,0,0,0,0,0,0,0,0,0,0,0,0,0,0,0,0,0,0,0,0,0,0,0,0,0,0,0,0,0,0,0,0,0,0,0,0,0,0,0,0,3235,3236,3237,3238,3239,
3295,3296,3297,3298,3299,3300,0,0,0,0,0,0,0,0,0,0,0,0,0,0,0,0,0,0,0,0,0,0,0,0,0,0,0,0,0,0,0,0,0,0,0,0,0,0,0,0,0,0,0,0,0,0,0,0,0,0,0,0,0,0,0,0,0,0,0,0,0,0,0,0,0,0,0,0,0,0,0,0,0,0,0,0,0,0,0,0,0,0,0,0,0,0,0,0,0,0,0,0,0,0,0,0,0,0,0,0,0,0,0,0,0,0,0,0,0,3295,3296,3297,3298,3299,
3355,3356,3357,3358,3359,3360,0,0,0,0,0,0,0,0,0,0,0,0,0,0,0,0,0,0,0,0,0,0,0,0,0,0,0,0,0,0,0,0,0,0,0,0,0,0,0,0,0,0,0,0,0,0,0,0,0,0,0,0,0,0,0,0,0,0,0,0,0,0,0,0,0,0,0,0,0,0,0,0,0,0,0,0,0,0,0,0,0,0,0,0,0,0,0,0,3291,3292,3293,3294,0,0,0,0,0,0,0,0,0,0,0,0,0,0,0,0,0,3355,3356,3357,3358,3359,
3175,3176,3177,3178,3179,3180,0,0,0,0,0,0,0,0,0,0,0,0,0,0,0,0,0,0,0,0,0,0,0,0,0,0,0,0,0,0,0,0,0,0,0,0,0,0,0,0,0,0,0,0,0,0,0,0,0,0,0,0,0,0,0,0,0,0,0,0,0,0,0,0,0,0,0,0,0,0,0,0,0,0,0,0,0,0,0,0,0,0,0,0,0,0,0,0,3351,3352,3353,3354,0,0,0,0,0,0,0,0,0,0,0,0,0,0,0,0,0,3175,3176,3177,3178,3179,
3235,3236,3237,3238,3239,3240,0,0,0,0,0,0,0,0,0,0,0,0,0,0,0,0,0,0,0,0,0,0,0,0,0,0,0,0,0,0,0,0,0,0,0,0,0,0,0,0,0,0,0,0,0,0,0,0,0,0,0,0,0,0,0,0,0,0,0,0,0,0,0,0,0,0,0,0,0,0,0,0,0,0,0,0,0,0,0,0,0,0,0,0,0,0,0,0,3411,3412,3413,3414,0,0,0,0,0,0,0,0,0,0,0,0,0,0,0,0,0,3235,3236,3237,3238,3239,
3295,3296,3297,3298,3299,3300,0,0,0,0,0,0,0,0,0,0,0,0,0,0,0,0,0,0,0,0,0,0,0,0,0,0,0,0,0,0,0,0,0,0,0,0,0,0,0,0,0,0,0,0,0,0,0,0,0,0,0,0,0,0,0,0,0,0,0,0,0,0,0,0,0,0,0,0,0,0,0,0,0,0,0,0,0,0,0,0,0,0,0,0,0,0,0,0,3471,3472,3473,3474,0,0,0,0,0,0,0,0,0,0,0,0,0,0,0,0,0,3295,3296,3297,3298,3299,
3355,3356,3357,3358,3359,3360,0,0,0,0,0,0,0,0,0,0,0,0,0,0,0,0,0,0,0,0,0,0,0,0,0,0,0,0,0,0,0,0,0,0,0,0,0,0,0,0,0,0,0,0,0,0,0,0,0,0,0,0,0,0,0,0,0,0,0,0,0,0,0,0,0,0,0,0,0,0,0,0,0,0,0,0,0,0,0,0,0,0,0,0,0,0,0,0,0,0,0,0,0,0,0,0,0,0,0,0,0,0,0,0,0,0,0,0,0,3355,3356,3357,3358,3359,
3175,3176,3177,3178,3179,3180,0,0,0,0,0,0,0,0,0,0,0,0,0,0,0,3291,3292,3293,3294,0,0,0,0,0,0,0,0,0,0,0,0,0,0,0,0,0,0,0,0,0,0,0,0,0,0,0,0,0,0,0,0,0,0,0,0,0,0,0,0,0,0,0,0,0,0,0,0,0,0,0,0,0,0,0,0,0,0,0,0,0,0,0,0,0,0,0,0,0,0,0,0,0,0,0,0,0,0,0,0,0,0,0,0,0,0,0,0,0,0,3175,3176,3177,3178,3179,
3235,3236,3237,3238,3239,3240,0,0,0,0,0,0,0,0,0,0,0,0,0,0,0,3351,3352,3353,3354,0,0,0,0,0,0,0,0,0,0,0,0,0,0,0,0,0,0,0,0,0,0,0,0,0,0,0,0,0,0,0,0,0,0,0,0,0,0,0,0,0,0,0,0,0,0,0,0,0,0,0,0,0,0,0,0,0,0,0,0,0,0,0,0,0,0,0,0,0,0,0,0,0,0,0,0,0,0,0,0,0,0,0,0,0,0,0,0,0,0,3235,3236,3237,3238,3239,
3295,3296,3297,3298,3299,3300,0,0,0,0,0,0,0,0,0,0,0,0,0,0,0,3411,3412,3413,3414,0,0,0,0,0,0,0,0,0,0,3053,3054,3055,3056,3057,3058,3059,3060,0,0,0,0,0,0,0,0,0,0,0,0,0,0,0,0,0,0,0,0,0,0,0,0,0,0,0,0,0,0,0,0,0,0,0,0,0,0,0,0,0,0,0,0,0,0,0,0,0,0,0,0,0,0,0,0,0,0,0,0,0,0,0,0,0,0,0,0,0,0,0,0,3295,3296,3297,3298,3299,
3355,3356,3357,3358,3359,3360,0,0,0,0,0,0,0,0,0,0,0,0,0,0,0,3471,3472,3473,3474,0,0,0,0,0,0,0,0,0,0,3113,3114,3115,3116,3117,3118,3119,3120,0,0,0,0,0,0,0,0,0,0,0,0,0,0,0,0,0,0,0,0,0,0,0,0,0,0,0,0,0,0,0,0,0,0,0,0,0,0,0,0,0,0,0,0,0,0,0,0,0,0,0,0,0,0,0,0,0,0,0,0,0,0,0,0,0,0,0,0,0,0,0,0,3355,3356,3357,3358,3359,
3175,3176,3177,3178,3179,3180,0,0,0,0,0,0,0,0,0,0,0,0,0,0,0,0,0,0,0,0,0,0,0,0,0,0,0,0,0,0,0,0,0,0,0,0,0,0,0,0,0,0,0,0,0,0,0,0,0,0,0,0,0,0,0,0,0,0,0,0,0,0,0,0,0,0,0,0,0,0,0,0,0,0,0,0,0,0,0,0,0,0,0,0,0,0,0,0,0,0,0,0,0,0,0,0,0,0,0,0,0,0,0,0,0,0,0,0,0,3175,3176,3177,3178,3179,
3235,3236,3237,3238,3239,3240,0,0,0,0,0,0,0,0,0,0,0,0,0,0,0,0,0,0,0,0,0,0,0,0,0,0,0,0,0,0,0,0,0,0,0,0,0,0,0,0,0,0,0,0,0,0,0,0,0,0,0,0,0,0,0,0,0,0,0,3291,3292,3293,3294,0,0,0,0,0,0,0,0,0,0,0,0,0,0,0,0,0,0,0,0,0,0,0,0,0,0,0,0,0,0,0,0,0,0,0,0,0,0,0,0,0,0,0,0,0,0,3235,3236,3237,3238,3239,
3295,3296,3297,3298,3299,3300,0,0,0,0,0,0,0,0,0,0,0,0,0,0,0,0,0,0,0,0,0,0,0,0,0,0,0,0,0,0,0,0,0,0,0,0,0,0,0,0,0,0,0,0,0,0,0,0,0,0,0,0,0,0,0,0,0,0,0,3351,3352,3353,3354,0,0,0,0,0,0,0,0,0,0,0,0,0,0,0,0,0,0,0,0,0,0,0,0,0,0,0,0,0,0,0,0,0,0,0,0,0,0,0,0,0,0,0,0,0,0,3295,3296,3297,3298,3299,
3355,3356,3357,3358,3359,3360,0,0,0,0,0,0,0,0,0,0,0,0,0,0,0,0,0,0,0,0,0,0,0,0,0,0,0,0,0,0,0,0,0,0,0,0,0,0,0,0,0,0,0,0,0,0,0,0,0,0,0,0,0,0,0,0,0,0,0,3411,3412,3413,3414,0,0,0,0,0,0,0,0,0,0,0,0,0,0,0,0,0,0,0,0,0,0,0,0,0,0,0,0,0,0,0,0,0,0,0,0,0,0,0,0,0,0,0,0,0,0,3355,3356,3357,3358,3359,
3175,3176,3177,3178,3179,3180,0,0,0,0,0,0,0,0,0,0,0,0,0,0,0,0,0,0,0,0,0,0,0,0,0,0,0,0,0,0,0,0,0,0,0,0,0,0,0,0,0,0,0,0,0,0,0,0,0,0,0,0,0,0,0,0,0,0,0,3471,3472,3473,3474,0,0,0,0,0,0,0,0,0,0,0,0,0,0,0,0,0,0,0,0,0,0,0,0,0,0,0,0,0,0,0,0,0,0,0,0,0,0,0,0,0,0,0,0,0,0,3175,3176,3177,3178,3179,
3235,3236,3237,3238,3239,3240,0,0,0,0,0,0,0,0,0,0,0,0,0,0,0,0,0,0,0,0,0,0,0,0,0,0,0,0,0,0,0,0,0,0,0,0,0,0,0,0,0,0,0,0,0,0,0,0,0,0,0,0,0,0,0,0,0,0,0,0,0,0,0,0,0,0,0,0,0,0,0,0,0,0,0,0,0,0,0,0,0,0,0,0,0,0,0,0,0,0,0,0,0,0,0,0,0,0,0,0,0,0,0,0,0,0,0,0,0,3235,3236,3237,3238,3239,
3295,3296,3297,3298,3299,3300,0,0,0,0,0,0,0,0,0,0,0,0,0,0,0,0,0,0,0,0,0,0,0,0,0,0,0,0,0,0,0,0,0,0,0,0,0,0,0,0,0,0,0,0,0,0,0,0,0,0,0,0,0,0,0,0,0,0,0,0,0,0,0,0,0,0,0,0,0,0,0,0,0,0,0,0,0,0,0,0,0,0,0,0,0,0,0,0,0,0,0,0,0,0,0,0,0,0,0,0,0,0,0,0,0,0,0,0,0,3295,3296,3297,3298,3299,
3355,3356,3357,3358,3359,3360,0,0,0,0,0,0,0,0,0,0,0,0,0,0,0,0,0,0,0,0,0,0,0,0,0,0,0,0,0,0,0,0,0,0,0,0,0,0,0,0,0,0,0,0,0,0,0,0,0,0,0,0,0,0,0,0,0,0,0,0,0,0,0,0,0,0,0,0,0,0,0,0,0,0,0,0,0,0,0,0,0,0,0,0,0,0,0,0,0,0,0,0,0,0,0,0,0,0,0,0,0,0,0,0,0,0,0,0,0,3355,3356,3357,3358,3359,
3175,3176,3177,3178,3179,3180,0,0,0,0,0,0,0,0,0,0,0,0,0,0,0,0,0,0,0,0,0,0,0,0,0,0,0,0,0,0,0,0,0,0,0,0,0,0,0,0,0,0,0,0,0,0,0,0,0,0,0,0,0,0,0,0,0,0,0,0,0,0,0,0,0,0,0,0,0,0,0,0,0,0,0,0,0,0,0,0,0,0,0,0,0,0,0,0,0,0,0,0,0,0,0,0,0,0,0,0,0,0,0,0,0,0,0,0,0,3175,3176,3177,3178,3179,
3235,3236,3237,3238,3239,3240,0,0,0,0,0,0,0,0,0,0,0,0,0,0,0,0,0,0,0,0,0,0,0,0,0,0,0,0,0,0,0,0,0,0,0,0,0,0,0,0,0,0,0,0,0,0,0,0,0,0,0,0,0,0,0,0,0,0,0,0,0,0,0,0,0,0,0,0,0,0,0,0,0,0,0,0,0,0,0,0,0,0,0,0,0,0,0,0,0,0,0,0,0,0,0,0,0,0,0,0,0,0,0,0,0,0,0,0,0,3235,3236,3237,3238,3239,
3295,3296,3297,3298,3299,3300,0,0,0,0,0,0,0,0,0,0,0,0,0,0,0,0,0,0,0,0,0,0,0,0,0,0,0,0,0,0,0,0,0,0,0,0,0,0,0,0,0,0,0,0,0,0,0,0,0,0,0,0,0,0,0,0,0,0,0,0,0,0,0,0,0,0,0,0,0,0,0,0,0,0,0,0,0,0,0,0,0,0,0,0,0,0,0,0,0,0,0,0,0,0,0,0,0,0,0,0,0,0,0,0,0,0,0,0,0,3295,3296,3297,3298,3299,
3355,3356,3357,3358,3359,3360,0,0,0,0,0,0,0,0,0,0,0,0,0,0,0,0,0,0,0,0,0,0,0,0,0,0,0,0,0,0,0,0,0,0,0,0,0,0,0,0,0,0,0,0,0,0,0,0,0,0,0,0,0,0,0,0,0,0,0,0,0,0,0,0,0,0,0,0,0,0,0,0,0,0,0,0,0,0,0,0,0,0,0,0,0,0,0,0,0,0,0,0,0,0,0,0,0,0,0,0,0,0,0,0,0,0,0,0,0,3355,3356,3357,3358,3359,
3175,3176,3177,3178,3179,3180,0,0,0,0,0,0,0,0,0,0,0,0,0,0,0,0,0,0,0,0,0,0,0,0,0,0,0,0,0,0,0,0,0,0,0,0,0,0,0,0,0,0,0,0,0,0,0,0,0,0,0,0,0,0,0,0,0,0,0,0,0,0,0,0,0,0,0,0,0,0,0,0,0,0,0,0,0,0,0,0,0,0,0,0,0,0,0,0,0,0,0,0,0,0,0,0,0,0,0,0,0,0,0,0,0,0,0,0,0,3415,3416,3417,3418,3419,
3235,3236,3237,3238,3239,3240,0,0,0,0,0,0,0,0,0,0,0,0,0,0,0,0,0,0,0,0,0,0,0,0,0,0,0,0,0,0,0,0,0,0,0,0,0,0,0,0,0,0,0,0,0,0,0,0,0,0,0,0,0,0,0,0,0,0,0,0,0,0,0,0,0,0,0,0,0,0,0,0,0,0,0,0,0,0,0,0,0,0,0,0,0,0,0,0,0,0,0,0,0,0,0,0,0,0,0,0,0,0,0,0,0,0,0,0,0,0,0,0,0,0,
3295,3296,3297,3298,3299,3300,0,0,0,0,0,0,0,0,0,0,0,0,0,0,0,0,0,0,0,0,0,0,0,0,0,0,0,0,0,0,0,0,0,0,0,0,0,0,0,0,0,0,0,0,0,0,0,0,0,0,0,0,0,0,0,0,0,0,0,0,0,0,0,0,0,0,0,0,0,0,0,0,0,0,0,0,0,0,0,0,0,0,0,0,0,0,0,0,0,0,0,0,0,0,0,0,0,0,0,0,0,0,0,0,0,0,0,0,0,0,0,0,0,0,
3355,3356,3357,3358,3359,3360,0,0,0,0,0,0,0,0,0,0,0,0,0,0,0,0,0,0,0,0,0,0,0,0,0,0,0,0,0,0,0,0,0,0,0,0,0,0,0,0,0,0,0,0,0,0,0,0,0,0,0,0,0,0,0,0,0,0,0,0,0,0,0,0,0,0,0,0,0,0,0,0,0,0,0,0,0,0,0,0,0,0,0,0,0,0,0,0,0,0,0,0,0,0,0,0,0,0,0,0,0,0,0,0,0,0,0,0,0,0,0,0,0,0