120
60
lac.png
1508,1508,1508,1508,1508,1508,1508,1508,1508,1508,1508,1508,1508,1508,1508,1508,1508,1508,1508,1508,1508,1508,1508,1508,1508,1508,1508,1508,1448,1448,1448,1448,1448,1448,1448,1448,1448,1448,1448,1448,1448,1448,1448,1447,1448,1448,1448,1448,1448,1448,1448,1448,1448,1448,1448,1448,1448,1448,1448,1448,1448,1448,1508,1508,1508,1508,1448,1508,1508,1508,1508,1508,1508,1508,1508,1508,1508,1508,1508,1508,1508,1508,1508,1448,1508,1448,1448,1448,1448,1448,1448,1448,1448,1448,1448,1448,1448,1448,1448,1448,1448,1448,1448,1448,1448,1448,1448,1448,1448,1447,1448,1448,1448,1448,1448,1448,1448,1448,1448,1508,
1508,1508,1508,1508,1508,1508,1508,1508,1508,1508,1508,1508,1508,1508,1508,1508,1508,1508,1508,1508,1508,1508,1508,1508,1508,1508,1508,1508,1448,1448,1448,1448,1448,1448,1448,1448,1448,1448,1448,1448,1448,1448,1448,1447,1448,1448,1448,1448,1448,1448,1448,1448,1448,1448,1448,1448,1448,1448,1448,1448,1447,1508,1508,1508,1508,1448,1508,1508,1508,1508,1508,1508,1508,1508,1508,1508,1508,1508,1508,1508,1508,1508,1508,1448,1508,1508,1448,1448,1448,1448,1448,1448,1448,1448,1448,1448,1448,1448,1448,1448,1448,1448,1448,1448,1448,1448,1448,1448,1448,1448,1447,1448,1448,1448,1448,1448,1448,1448,1448,1508,
1508,1508,1508,1508,1508,1508,1508,1508,1508,1508,1508,1508,1508,1508,1508,1508,1508,1508,1508,1508,1508,1508,1508,1508,1508,1508,1508,1508,1448,1448,1448,1448,1448,1448,1448,1448,1448,1448,1448,1448,1448,1448,1448,1447,1448,1448,1448,1448,1448,1448,1448,1448,1448,1448,1448,1448,1448,1448,1448,1448,1448,1508,1508,1448,1448,1508,1508,1508,1508,1508,1508,1508,1508,1508,1508,1508,1508,1508,1508,1508,1508,1508,1508,1508,1448,1508,1447,1448,1448,1448,1448,1448,1448,1448,1448,1448,1448,1448,1448,1448,1448,1448,1448,1448,1448,1448,1448,1448,1448,1448,1447,1448,1448,1448,1448,1448,1448,1448,1448,1508,
1508,1508,1508,1508,1508,1508,1508,1508,1508,1508,1508,1508,1508,1508,1508,1508,1508,1508,1508,1508,1508,1508,1508,1508,1508,1508,1508,1508,1448,1448,1448,1448,1448,1448,1448,1448,1448,1448,1448,1448,1448,1448,1448,1447,1448,1448,1448,1448,1448,1448,1448,1448,1448,1448,1448,1448,1448,1448,1448,1447,1508,1508,1448,1508,1508,1508,1508,1508,1508,1508,1508,1508,1508,1508,1508,1508,1508,1508,1508,1508,1508,1508,1508,1508,1448,1508,1448,1447,1448,1448,1448,1448,1448,1448,1448,1448,1448,1448,1448,1448,1448,1448,1448,1448,1448,1448,1448,1448,1448,1448,1447,1448,1448,1448,1448,1448,1448,1448,1448,1448,
1508,1508,1508,1508,1508,1508,1508,1508,1508,1508,1508,1508,1508,1508,1508,1508,1508,1508,1508,1508,1508,1508,1508,1508,1508,1508,1508,1508,1448,1448,1448,1448,1448,1448,1448,1448,1448,1448,1448,1448,1448,1448,1448,1448,1447,1448,1448,1448,1448,1448,1448,1448,1448,1448,1448,1448,1448,1448,1448,1448,1508,1448,1508,1508,1508,1508,1508,1508,1508,1508,1508,1508,1508,1508,1508,1508,1508,1508,1508,1508,1508,1508,1508,1508,1508,1448,1508,1448,1448,1448,1448,1448,1448,1448,1448,1448,1448,1448,1448,1448,1448,1448,1448,1448,1448,1448,1448,1448,1448,1448,1448,1447,1448,1448,1448,1448,1448,1448,1448,1448,
1508,1508,1508,1508,1508,1508,1508,1508,1508,1508,1508,1508,1508,1508,1508,1508,1508,1508,1508,1508,1508,1508,1508,1508,1508,1508,1508,1508,1448,1448,1448,1448,1448,1448,1448,1448,1448,1448,1448,1448,1448,1448,1448,1448,1447,1448,1448,1448,1448,1448,1448,1448,1448,1448,1448,1448,1448,1448,1447,1508,1508,1508,1508,1508,1508,1508,1508,1508,1508,1508,1508,1508,1508,1508,1508,1508,1508,1508,1508,1508,1508,1508,1508,1508,1508,1448,1508,1508,1448,1448,1448,1448,1448,1448,1448,1448,1448,1448,1448,1448,1448,1448,1448,1448,1448,1448,1448,1448,1448,1448,1448,1447,1448,1448,1448,1448,1448,1448,1448,1448,
1508,1508,1508,1508,1508,1508,1508,1508,1508,1508,1508,1508,1508,1508,1508,1508,1508,1508,1508,1508,1508,1508,1508,1508,1508,1508,1508,1508,1448,1448,1448,1448,1448,1448,1448,1448,1448,1448,1448,1448,1448,1448,1448,1448,1447,1448,1448,1448,1448,1448,1448,1448,1448,1448,1448,1448,1448,1447,1448,1508,1448,1508,1508,1508,1508,1508,1508,1508,1508,1508,1508,1508,1508,1508,1508,1508,1508,1508,1508,1508,1508,1508,1508,1508,1508,1448,1508,1508,1448,1448,1448,1448,1448,1448,1448,1448,1448,1448,1448,1448,1448,1448,1448,1448,1448,1448,1448,1448,1448,1448,1448,1447,1448,1448,1448,1448,1448,1448,1448,1448,
1508,1508,1508,1508,1508,1508,1508,1508,1508,1508,1508,1508,1508,1508,1508,1508,1508,1508,1508,1508,1508,1508,1508,1508,1508,1508,1508,1508,1448,1448,1448,1448,1448,1448,1448,1448,1448,1448,1448,1448,1448,1448,1448,1448,1447,1448,1448,1448,1448,1448,1448,1448,1448,1448,1448,1448,1448,1448,1508,1508,1508,1508,1508,1508,1508,1508,1508,1508,1508,1508,1508,1508,1508,1508,1508,1508,1508,1508,1508,1508,1508,1508,1508,1508,1508,1508,1448,1508,1447,1448,1448,1448,1448,1448,1448,1448,1448,1448,1448,1448,1448,1448,1448,1448,1448,1448,1448,1448,1448,1448,1448,1447,1448,1448,1448,1448,1448,1448,1448,1448,
1508,1508,1508,1508,1508,1508,1508,1508,1508,1508,1508,1508,1508,1508,1508,1508,1508,1508,1508,1508,1508,1508,1508,1508,1508,1508,1508,1508,1448,1448,1448,1448,1448,1448,1448,1448,1448,1448,1448,1448,1448,1448,1448,1448,1448,1447,1448,1448,1448,1448,1448,1448,1448,1448,1448,1448,1447,1508,1508,1448,1508,1508,1508,1508,1508,1508,1508,1508,1508,1508,1508,1508,1508,1508,1508,1508,1508,1508,1508,1508,1508,1508,1508,1508,1508,1508,1508,1448,1448,1448,1448,1448,1448,1448,1448,1448,1448,1448,1448,1448,1448,1448,1448,1448,1448,1448,1448,1448,1448,1448,1448,1447,1448,1448,1448,1448,1448,1448,1448,1448,
1508,1508,1508,1508,1508,1508,1508,1508,1508,1508,1508,1508,1508,1508,1508,1508,1508,1508,1508,1508,1508,1508,1508,1508,1508,1508,1508,1508,1448,1448,1448,1448,1448,1448,1448,1448,1448,1448,1448,1448,1448,1448,1448,1448,1448,1448,1447,1448,1448,1448,1448,1448,1448,1448,1448,1448,1448,1508,1508,1508,1508,1508,1508,1508,1508,1508,1508,1508,1508,1508,1508,1508,1508,1508,1508,1508,1508,1508,1508,1508,1508,1508,1508,1508,1508,1508,1508,1448,1508,1447,1448,1448,1448,1448,1448,1448,1448,1448,1448,1448,1448,1448,1448,1448,1448,1448,1448,1448,1448,1448,1448,1447,1448,1448,1448,1448,1448,1448,1448,1448,
1508,1508,1508,1508,1508,1508,1508,1508,1508,1508,1508,1508,1508,1508,1508,1508,1508,1508,1508,1508,1508,1508,1508,1508,1508,1508,1508,1508,1448,1448,1448,1448,1448,1448,1448,1448,1448,1448,1448,1448,1448,1448,1448,1448,1448,1448,1447,1448,1448,1448,1448,1448,1448,1448,1448,1447,1508,1508,1448,1508,1508,1508,1508,1508,1508,1508,1508,1508,1508,1508,1508,1508,1508,1508,1508,1508,1508,1508,1508,1508,1508,1508,1508,1508,1508,1508,1508,1448,1508,1448,1447,1448,1448,1448,1448,1448,1448,1448,1448,1448,1448,1448,1448,1448,1448,1448,1448,1448,1448,1448,1448,1447,1448,1448,1448,1448,1448,1448,1448,1448,
1508,1508,1508,1508,1508,1508,1508,1508,1508,1508,1508,1508,1508,1508,1508,1508,1508,1508,1508,1508,1508,1508,1508,1508,1508,1508,1508,1508,1448,1448,1448,1448,1448,1448,1448,1448,1448,1448,1448,1448,1448,1448,1448,1448,1448,1448,1448,1447,1448,1448,1448,1448,1448,1448,1448,1448,1508,1448,1508,1508,1508,1508,1508,1508,1508,1508,1508,1508,1508,1508,1508,1508,1508,1508,1508,1508,1508,1508,1508,1508,1508,1508,1508,1508,1508,1508,1508,1448,1508,1508,1448,1447,1448,1448,1448,1448,1448,1448,1448,1448,1448,1448,1448,1448,1448,1448,1448,1448,1448,1448,1447,1448,1448,1448,1448,1448,1448,1448,1448,1448,
1508,1508,1508,1508,1508,1508,1508,1508,1508,1508,1508,1508,1508,1508,1508,1508,1508,1508,1508,1508,1508,1508,1508,1508,1508,1508,1508,1508,1448,1448,1448,1448,1448,1448,1448,1448,1448,1448,1448,1448,1448,1448,1448,1448,1448,1448,1448,1447,1448,1448,1448,1448,1448,1448,1448,1448,1508,1508,1508,1508,1508,1508,1508,1508,1508,1508,1508,1508,1508,1508,1508,1508,1508,1508,1508,1508,1508,1508,1508,1508,1508,1508,1508,1508,1508,1508,1508,1508,1448,1508,1508,1448,1448,1448,1448,1448,1448,1448,1448,1448,1448,1448,1448,1448,1448,1448,1448,1448,1448,1448,1447,1448,1448,1448,1448,1448,1448,1448,1448,1448,
1508,1508,1508,1508,1508,1508,1508,1508,1508,1508,1508,1508,1508,1508,1508,1508,1508,1508,1508,1508,1508,1508,1508,1508,1508,1508,1508,1448,1448,1448,1448,1448,1448,1448,1448,1448,1448,1448,1448,1448,1448,1448,1448,1448,1448,1448,1448,1448,1447,1448,1448,1448,1448,1448,1448,1448,1448,1508,1508,1508,1508,1508,1508,1508,1508,1508,1508,1508,1508,1508,1508,1508,1508,1508,1508,1508,1508,1508,1508,1508,1508,1508,1508,1508,1508,1508,1508,1508,1448,1508,1508,1508,1447,1448,1448,1448,1448,1448,1448,1448,1448,1448,1448,1448,1448,1448,1448,1448,1448,1448,1447,1448,1448,1448,1448,1448,1448,1448,1448,1448,
1508,1508,1508,1508,1508,1508,1508,1508,1508,1508,1508,1508,1508,1508,1508,1508,1508,1508,1508,1508,1508,1508,1508,1508,1508,1508,1508,1448,1448,1448,1448,1448,1448,1448,1448,1448,1448,1448,1448,1448,1448,1448,1448,1448,1448,1448,1448,1448,1448,1447,1448,1448,1448,1448,1448,1448,1448,1448,1508,1508,1508,1508,1508,1508,1508,1508,1508,1508,1508,1508,1508,1508,1508,1508,1508,1508,1508,1508,1508,1508,1508,1508,1508,1508,1508,1508,1508,1508,1508,1448,1508,1508,1448,1448,1448,1448,1448,1448,1448,1448,1448,1448,1448,1448,1448,1448,1448,1448,1448,1447,1448,1448,1448,1448,1448,1448,1448,1448,1448,1448,
1508,1508,1508,1508,1508,1508,1508,1508,1508,1508,1508,1508,1508,1508,1508,1508,1508,1508,1508,1508,1508,1508,1508,1508,1508,1508,1508,1448,1448,1448,1448,1448,1448,1448,1448,1448,1448,1448,1448,1448,1448,1448,1448,1448,1448,1448,1448,1448,1448,1448,1447,1448,1448,1448,1448,1448,1448,1448,1448,1508,1508,1508,1508,1508,1508,1508,1508,1508,1508,1508,1508,1508,1508,1508,1508,1508,1508,1508,1508,1508,1508,1508,1508,1508,1508,1508,1508,1508,1508,1508,1448,1508,1508,1448,1448,1448,1448,1448,1448,1448,1448,1448,1448,1448,1448,1448,1448,1448,1448,1447,1448,1448,1448,1448,1448,1448,1448,1448,1448,1448,
1508,1508,1508,1508,1508,1508,1508,1508,1508,1508,1508,1508,1508,1508,1508,1508,1508,1508,1508,1508,1508,1508,1508,1508,1508,1508,1508,1448,1448,1448,1448,1448,1448,1448,1448,1448,1448,1448,1448,1448,1448,1448,1448,1448,1448,1448,1448,1448,1448,1448,1448,1447,1448,1448,1448,1448,1448,1448,1448,1448,1508,1508,1508,1508,1508,1508,1508,1508,1508,1508,1508,1508,1508,1508,1508,1508,1508,1508,1508,1508,1508,1508,1508,1508,1508,1508,1508,1508,1508,1508,1508,1448,1508,1448,1448,1448,1448,1448,1448,1448,1448,1448,1448,1448,1448,1448,1448,1448,1448,1447,1448,1448,1448,1448,1448,1448,1448,1448,1448,1448,
1508,1508,1508,1508,1508,1508,1508,1508,1508,1508,1508,1508,1508,1508,1508,1508,1508,1508,1508,1508,1508,1508,1508,1508,1508,1508,1508,1448,1448,1448,1448,1448,1448,1448,1448,1448,1448,1448,1448,1448,1448,1448,1448,1448,1448,1448,1448,1448,1448,1448,1448,1448,1448,1447,1448,1448,1448,1448,1448,1448,1448,1448,1508,1508,1508,1508,1508,1508,1508,1508,1508,1508,1508,1508,1508,1508,1508,1508,1508,1508,1508,1508,1508,1508,1508,1508,1508,1508,1508,1508,1508,1448,1508,1447,1448,1448,1448,1448,1448,1448,1448,1448,1709,1710,1448,1448,1448,1448,1448,1447,1448,1448,1448,1448,1448,1448,1448,1448,1448,1448,
1508,1508,1508,1508,1508,1508,1508,1508,1508,1508,1508,1508,1508,1508,1508,1508,1508,1508,1508,1508,1508,1508,1508,1508,1508,1508,1508,1448,1448,1448,1448,1448,1448,1448,1448,1448,1448,1448,1448,1448,1448,1448,1448,1448,1448,1448,1448,1448,1448,1448,1448,1448,1448,1448,1447,1448,1448,1448,1448,1448,1448,1448,1448,1508,1508,1508,1508,1508,1508,1508,1508,1508,1508,1508,1508,1508,1508,1508,1508,1508,1508,1508,1508,1508,1508,1508,1508,1508,1508,1508,1508,1508,1448,1448,1448,1448,1448,1448,1448,1448,1448,1448,1769,1770,1448,1448,1448,1448,1448,1448,1448,1448,1448,1448,1448,1448,1448,1448,1448,1448,
1508,1508,1508,1508,1508,1508,1508,1508,1508,1508,1508,1508,1508,1508,1508,1508,1508,1508,1508,1508,1508,1508,1508,1508,1508,1508,1508,1448,1448,1448,1448,1448,1448,1448,1448,1448,1448,1448,1448,1448,1448,1448,1448,1448,1448,1448,1448,1448,1448,1448,1448,1448,1448,1448,1448,1447,1448,1448,1448,1448,1448,1448,1448,1448,1508,1508,1508,1508,1508,1508,1508,1508,1508,1508,1508,1508,1508,1508,1508,1508,1508,1508,1508,1508,1508,1508,1508,1508,1508,1508,1508,1508,1448,1508,1448,1448,1448,1448,1448,1448,1448,1828,1829,1830,1831,1448,1448,1448,1448,1448,1448,1448,1448,1448,1448,1448,1448,1448,1448,1448,
1508,1508,1508,1508,1508,1508,1508,1508,1508,1508,1508,1508,1508,1508,1508,1508,1508,1709,1710,1508,1508,1508,1508,1508,1508,1508,1508,1448,1448,1448,1448,1448,1448,1448,1448,1448,1448,1448,1448,1448,1448,1448,1448,1448,1448,1448,1448,1448,1448,1448,1448,1448,1448,1448,1448,1448,1448,1447,1448,1448,1448,1448,1448,1448,1448,1448,1508,1508,1508,1508,1508,1508,1508,1508,1508,1508,1508,1508,1508,1508,1508,1508,1508,1508,1508,1508,1508,1508,1508,1508,1508,1508,1448,1508,1447,1448,1448,1448,1448,1448,1448,1448,1448,1448,1448,1448,1448,1448,1448,1448,1448,1448,1448,1448,1448,1448,1448,1448,1448,1448,
1508,1508,1508,1508,1508,1508,1508,1508,1508,1508,1508,1508,1508,1508,1508,1508,1508,1769,1770,1508,1508,1508,1508,1508,1508,1508,1508,1448,1448,1448,1448,1448,1448,1448,1448,1448,1448,1448,1448,1448,1448,1448,1448,1448,1448,1448,1448,1448,1448,1448,1448,1448,1448,1448,1448,1448,1448,1448,1447,1448,1448,1448,1448,1448,1448,1448,1448,1508,1508,1508,1508,1508,1508,1508,1508,1508,1508,1508,1508,1508,1508,1508,1508,1508,1508,1508,1508,1508,1508,1508,1508,1508,1448,1508,1448,1448,1448,1448,1448,1448,1448,1448,1448,1448,1448,1448,1448,1448,1448,1448,1448,1448,1448,1448,1448,1448,1448,1448,1448,1448,
1508,1508,1508,1508,1508,1508,1508,1508,1508,1508,1508,1508,1508,1508,1508,1508,1828,1829,1830,1831,1508,1508,1508,1508,1508,1508,1508,1448,1448,1448,1448,1448,1448,1448,1448,1448,1448,1448,1448,1448,1448,1448,1448,1448,1448,1448,1448,1448,1448,1448,1448,1448,1448,1448,1448,1448,1448,1448,1448,1448,1448,1447,1448,1448,1448,1448,1448,1448,1448,1448,1508,1508,1508,1508,1508,1508,1508,1508,1508,1508,1508,1508,1508,1508,1508,1508,1508,1508,1508,1508,1508,1508,1508,1448,1508,1447,1448,1448,1448,1448,1448,1448,1448,1448,1448,1448,1448,1448,1448,1448,1448,1448,1448,1448,1448,1448,1448,1448,1448,1448,
1508,1508,1508,1508,1508,1508,1508,1508,1508,1508,1508,1508,1508,1508,1508,1508,1508,1508,1508,1508,1508,1508,1508,1508,1508,1508,1508,1448,1448,1448,1448,1448,1448,1448,1448,1448,1448,1448,1448,1448,1448,1448,1448,1448,1448,1448,1448,1448,1448,1448,1448,1448,1448,1448,1448,1448,1448,1448,1448,1448,1448,1448,1447,1448,1448,1448,1448,1448,1448,1448,1448,1508,1508,1508,1508,1508,1508,1508,1508,1508,1508,1508,1508,1508,1508,1508,1508,1508,1508,1508,1508,1508,1508,1448,1508,1448,1448,1448,1448,1448,1448,1448,1448,1448,1448,1448,1448,1448,1448,1448,1448,1448,1448,1448,1448,1448,1448,1448,1448,1448,
1508,1508,1508,1508,1508,1508,1508,1508,1508,1508,1508,1508,1508,1508,1508,1508,1508,1508,1508,1508,1508,1508,1508,1508,1508,1508,1508,1448,1448,1448,1448,1448,1448,1448,1448,1448,1448,1448,1448,1448,1448,1448,1448,1448,1448,1448,1448,1448,1448,1448,1448,1448,1448,1448,1448,1448,1448,1448,1448,1448,1448,1448,1448,1448,1447,1448,1448,1448,1448,1448,1448,1448,1448,1508,1508,1508,1508,1508,1508,1508,1508,1508,1508,1508,1508,1508,1508,1508,1508,1508,1508,1508,1508,1448,1508,1508,1448,1448,1448,1448,1448,1448,1448,1448,1448,1448,1448,1448,1448,1448,1448,1448,1448,1448,1448,1448,1448,1448,1448,1448,
1508,1508,1508,1508,1508,1508,1508,1508,1508,1508,1508,1508,1508,1508,1508,1508,1508,1508,1508,1508,1508,1508,1508,1508,1508,1508,1508,1448,1448,1448,1448,1448,1448,1448,1448,1448,1448,1448,1448,1448,1448,1448,1448,1448,1448,1448,1448,1448,1448,1448,1448,1448,1448,1448,1448,1448,1448,1448,1448,1448,1448,1448,1448,1448,1448,1448,1447,1448,1448,1448,1448,1448,1448,1448,1448,1508,1508,1508,1508,1508,1508,1508,1508,1508,1508,1508,1508,1508,1508,1508,1508,1508,1508,1508,1448,1508,1448,1448,1448,1448,1448,1448,1448,1448,1448,1448,1448,1448,1448,1448,1448,1448,1448,1448,1448,1448,1448,1448,1448,1448,
1508,1508,1508,1508,1508,1508,1508,1508,1508,1508,1508,1508,1508,1508,1508,1508,1508,1508,1508,1508,1508,1508,1508,1508,1508,1508,1508,1448,1448,1448,1448,1448,1448,1448,1448,1448,1448,1448,1448,1448,1448,1448,1448,1448,1448,1448,1448,1448,1448,1448,1448,1448,1448,1448,1448,1448,1448,1448,1448,1448,1448,1448,1448,1448,1448,1448,1448,1447,1448,1448,1448,1448,1448,1448,1448,1448,1508,1508,1508,1508,1508,1508,1508,1508,1508,1508,1508,1508,1508,1508,1508,1508,1508,1508,1448,1508,1447,1448,1448,1448,1448,1448,1448,1448,1448,1448,1448,1448,1448,1448,1448,1448,1448,1448,1448,1448,1448,1448,1448,1448,
1508,1508,1508,1508,1508,1508,1508,1508,1508,1508,1508,1508,1508,1508,1508,1508,1508,1508,1508,1508,1508,1508,1508,1508,1508,1508,1508,1448,1448,1448,1448,1448,1448,1448,1448,1448,1448,1448,1448,1448,1448,1448,1448,1448,1448,1448,1448,1448,1448,1448,1448,1448,1448,1448,1448,1448,1448,1448,1448,1448,1448,1448,1448,1448,1448,1448,1448,1448,1447,1448,1448,1448,1448,1448,1448,1448,1448,1508,1508,1508,1508,1508,1508,1508,1508,1508,1508,1508,1508,1508,1508,1508,1508,1508,1508,1448,1448,1448,1448,1448,1448,1448,1448,1448,1448,1448,1448,1448,1448,1448,1448,1448,1448,1448,1448,1448,1448,1448,1448,1448,
1508,1508,1508,1508,1508,1508,1508,1508,1508,1508,1508,1508,1508,1508,1508,1508,1508,1508,1508,1508,1508,1508,1508,1508,1508,1508,1508,1448,1447,1448,1448,1448,1448,1448,1448,1448,1448,1448,1448,1448,1448,1448,1448,1448,1448,1448,1448,1448,1448,1448,1448,1448,1448,1448,1448,1448,1448,1448,1448,1448,1448,1448,1448,1448,1448,1448,1448,1448,1448,1447,1448,1448,1448,1448,1448,1448,1448,1448,1508,1508,1508,1508,1508,1508,1508,1508,1508,1508,1508,1508,1508,1508,1508,1508,1508,1448,1508,1448,1448,1448,1448,1448,1448,1448,1448,1448,1448,1448,1448,1448,1448,1448,1448,1448,1448,1448,1448,1448,1448,1448,
1508,1508,1508,1508,1508,1508,1508,1508,1508,1508,1508,1508,1508,1508,1508,1508,1508,1508,1508,1508,1508,1508,1508,1508,1508,1508,1508,1448,1448,1447,1448,1448,1448,1448,1448,1448,1448,1448,1448,1448,1448,1448,1448,1448,1448,1448,1448,1448,1448,1448,1448,1448,1448,1448,1448,1448,1448,1448,1448,1448,397,398,1448,1448,1448,1448,1448,1448,1448,1447,1448,1448,1448,1448,1448,1448,1448,1448,1508,1508,1508,1508,1508,1508,1508,1508,1508,1508,1508,1508,1508,1508,1508,1508,1508,1448,1508,1448,1448,1448,1448,1448,1448,1448,1448,1448,1448,1448,1448,1448,1448,1448,1448,1448,1448,1448,1448,1448,1448,1448,
1508,1508,1508,1508,1508,1508,1508,1508,1508,1508,1508,1508,1508,1508,1508,1508,1508,1508,1508,1508,1508,1508,1508,1508,1508,1508,1508,1448,1508,1448,1448,1448,1448,1448,1448,1448,1448,1448,1448,1448,1448,1448,1448,1448,1448,1448,1448,1448,1448,1448,1448,1448,1448,1448,1448,1448,1448,1448,1448,1448,457,458,1448,1448,1448,1448,1448,1448,1448,1448,1447,1448,1448,1448,1448,1448,1448,1448,1448,1508,1508,1508,1508,1508,1508,1508,1508,1508,1508,1508,1508,1508,1508,1508,1508,1448,1508,1447,1448,1448,1448,1448,1448,1448,1448,1448,1448,1448,1448,1448,1448,1448,1448,1448,1448,1448,1448,1448,1448,1448,
1508,1508,1508,1508,1508,1508,1508,1508,1508,1508,1508,1508,1508,1508,1508,1508,1508,1508,1508,1508,1508,1508,1508,1508,1508,1508,1508,1448,1508,1508,1447,1448,1448,1448,1448,1448,1448,1448,1448,1448,1448,1448,1448,1448,1448,1448,1448,1448,1448,1448,1448,1448,1448,1448,1448,1448,1448,1448,1448,1448,1448,1448,1448,1448,1448,1448,1448,1448,1448,1448,1447,1448,1448,1448,1448,1448,1448,1448,1448,1508,1508,1508,1508,1508,1508,1508,1508,1508,1508,1508,1508,1508,1508,1508,1508,1508,1448,1448,1448,1448,1448,1448,1448,1448,1448,1448,1448,1448,1448,1448,1448,1448,1448,1448,1448,1448,1448,1448,1448,1448,
1508,1508,1508,1508,1508,1508,1508,1508,1508,1508,1508,1508,1508,1508,1508,1508,1508,1508,1508,1508,1508,1508,1508,1508,1508,1508,1508,1448,1508,1508,1448,1448,1448,1448,1448,1448,1448,1448,1448,1448,1448,1448,1448,1448,1448,1448,1448,1448,1448,1448,1448,1448,1448,1448,1448,1448,1448,1448,1448,1448,1448,1448,1448,1448,1448,1448,1448,1448,1448,1448,1447,1448,1448,1448,1448,1448,1448,1448,1448,1508,1508,1508,1508,1508,1508,1508,1508,1508,1508,1508,1508,1508,1508,1508,1508,1508,1448,1508,1448,1448,1448,1448,1448,1448,1448,1448,1448,1448,1448,1448,1448,1448,1448,1448,1448,1448,1448,1448,1448,1448,
1508,1508,1508,1508,1508,1508,1508,1508,1508,1508,1508,1508,1508,1508,1508,1508,1508,1508,1508,1508,1508,1508,1508,1508,1508,1508,1508,1508,1448,1508,1508,1447,1448,1448,1448,1448,1448,1448,1448,1448,1448,1448,1448,1448,1448,1448,1448,1448,1448,1448,1448,1448,1448,1448,1448,1448,1448,1448,1448,1448,1448,1448,1448,1448,1448,1448,1448,1448,1448,1448,1448,1448,1448,1448,1448,1448,1448,1448,1448,1508,1508,1508,1508,1508,1508,1508,1508,1508,1508,1508,1508,1508,1508,1508,1508,1508,1448,1508,1447,1448,1448,1448,1448,1448,1448,1448,1448,1448,1448,1448,1448,1448,1448,1448,1448,1448,1448,1448,1448,1448,
1508,1508,1508,1508,1508,1508,1508,1508,1508,1508,1508,1508,1508,1508,1508,1508,1508,1508,1508,1508,1508,1508,1508,1508,1508,1508,1508,1508,1508,1448,1508,1448,1448,1448,1448,1448,1448,1448,1448,1448,1448,1448,1448,1448,1448,1448,1448,1448,1448,1448,1448,1448,1448,1448,1448,1448,1448,1448,1448,1448,1448,1448,1447,1448,1448,1448,1448,1448,1448,1448,1448,1448,1448,1448,1448,1448,1448,1448,1448,1448,1448,1448,1448,1448,1448,1448,1448,1448,1448,1448,1448,1448,1448,1448,1448,1448,1448,1448,1448,1448,1448,1448,1447,1448,1448,1448,1448,1448,1448,1448,1448,1448,1448,1448,1448,1448,1448,1448,1448,1447,
1508,1508,1508,1508,1508,1508,1508,1508,1508,1508,1508,1508,1508,1508,1508,1508,1508,1508,1508,1508,1508,1508,1508,1508,1508,1508,1508,1508,1508,1448,1508,1508,1448,1448,1448,1448,1448,1448,1448,1448,1448,1448,1448,1448,1448,1448,1448,1448,1448,1448,1448,1448,1448,1448,1448,1448,1447,1448,1448,1448,1448,1448,1448,1448,1448,1448,1448,1448,1448,1448,1448,1448,1448,1448,1448,1448,1448,1448,1448,1448,1448,1448,1448,1448,1448,1448,1448,1448,1448,1448,1448,1448,1448,1448,1448,1448,1447,1448,1448,1448,1448,1448,1448,1448,1448,1448,1448,1448,1448,1448,1448,1448,1448,1448,1448,1448,1448,1448,1448,1448,
1508,1508,1508,1508,1508,1508,1508,1508,1508,1508,1508,1508,1508,1508,1508,1508,1508,1508,1508,1508,1508,1508,1508,1508,1508,1508,1508,1447,1448,1448,1448,1448,1448,1448,1448,1448,1448,1448,1448,1448,1448,1448,1448,1448,1448,1448,1448,1448,1448,1448,1448,1448,1448,1448,1448,1448,1448,1448,1448,1448,1448,1448,1448,1448,1448,1448,1448,1447,1448,1448,1448,1448,1448,1448,1448,1448,1448,1448,1448,1448,1448,1448,1448,1448,1448,1448,1448,1448,1448,1448,1448,1448,1448,1448,1448,1448,1448,1448,1448,1448,1448,1448,1448,1448,1448,1448,1448,1448,1448,1448,1448,1448,1448,1448,1448,1448,1448,1448,1448,1508,
1448,1448,1448,1448,1448,1448,1448,1448,1448,1448,1448,1448,1448,1448,1448,1448,1448,1448,1448,1447,1448,1448,1448,1448,1448,1448,1448,1448,1448,1448,1448,1448,1448,1448,1448,1448,1448,1448,1448,1448,1448,1448,1448,1448,1448,1448,1448,1448,1448,1448,1448,1448,1448,1448,1448,1448,1448,1448,1448,1448,1448,1448,1448,1448,1448,1448,1448,1448,1448,1448,1448,1448,1448,1448,1448,1448,1448,1448,1448,1448,1448,1448,1448,1448,1448,1448,1448,1448,1448,1448,1448,1448,1448,1448,1448,1448,1448,1448,1448,1448,1448,1448,1448,1448,1448,1448,1448,1448,1448,1448,1448,1448,1448,1448,1448,1448,1448,1448,1448,1508,
1448,1448,1448,1448,1448,1448,1448,1448,1448,1448,1448,1448,1448,1448,1448,1448,1448,1448,1448,1448,1448,1448,1448,1448,1448,1448,1448,1448,1448,1448,1448,1448,1448,1448,1448,1448,1448,1448,1448,1448,1448,1448,1448,1448,1448,1448,1448,1448,1448,1448,1448,1448,1448,1448,1448,1448,1448,1448,1448,1448,1448,1448,1448,1448,1448,1448,1448,1448,1448,1448,1448,1448,1448,1448,1448,1448,1448,1448,1448,1448,1448,1448,1448,1448,1448,1448,1448,1448,1448,1448,1448,1448,1448,1448,1448,1448,1448,1448,1448,1448,1448,1448,1448,1448,1448,1448,1448,1448,1448,1448,1448,1448,1448,1448,1448,1448,1448,1448,1448,1508,
1448,1448,1448,1448,1448,1448,1448,1448,1448,1448,1448,1448,1448,1448,1448,1448,1448,1448,1448,1448,1448,1448,1448,1448,1448,1448,397,398,1448,1448,1448,1448,1448,1448,1448,1448,1448,1448,1448,1448,1448,1448,1448,1448,1448,1448,1448,1448,1448,1448,1448,1448,1448,1448,1448,1448,1448,1448,1448,1448,1448,1448,1448,1448,1448,1448,1448,1448,1448,1448,1448,1448,1448,1448,1448,1448,1448,1448,1448,1448,1448,1448,1448,1448,1448,1448,1448,1448,1448,1448,1448,1448,1448,1448,1448,1448,1448,1448,1448,1448,1448,1448,1448,1448,1448,1448,1448,1448,1448,1448,1448,1448,1448,1448,1448,1448,1448,1448,1448,1448,
1448,1448,1448,1448,1448,1448,1448,1448,1448,1448,1448,1448,1448,1448,1448,1448,1448,1448,1448,1448,1448,1448,1448,1448,1448,1448,457,458,1448,1448,1448,1448,1448,1448,1448,1448,1448,1448,1448,1448,1448,1448,1448,1448,1448,1448,1448,1448,1448,1448,1448,1448,1448,1448,1448,1448,1448,1448,1448,1448,1448,1448,1448,1448,1448,1448,1448,1448,1448,1448,1448,1448,1448,1448,1448,1448,1448,1448,1448,1448,1448,1448,1448,1448,1448,1448,1448,1448,1448,1448,1448,1448,1448,1448,1448,1448,1448,1448,1448,1448,1448,1448,1448,1448,1448,1448,1448,1448,1448,1448,1448,1448,1448,1448,1448,1448,1448,1448,1448,1448,
1448,1448,1448,1448,1448,1448,1448,1448,1448,1448,1448,1448,1448,1448,1448,1448,1448,1448,1448,1448,1448,1448,1448,1448,1448,1448,1448,1448,1448,1448,1448,1448,1448,1448,1448,1448,1448,1448,1448,1448,1448,1448,1448,1448,1448,1448,1448,1448,1448,1448,1448,1448,1448,1448,1448,1448,1448,1448,1448,1448,1448,1448,1448,1448,1448,1448,1448,1448,1448,1448,1448,1448,1448,1448,1448,1448,1448,1448,1448,1448,1448,1448,1448,1448,1448,1448,1448,1448,1448,1448,1448,1448,1448,1448,1448,1448,1448,1448,1448,1448,1448,1448,1448,1448,1448,397,398,1448,1448,1448,1448,1448,1448,1448,1448,1448,1448,1448,1448,1448,
1448,1448,1448,1448,1448,1448,1448,1448,1448,1448,1448,1448,1448,1448,1448,1448,1448,1448,1448,1448,1448,1448,1448,1448,1448,1448,1448,1448,1448,1448,1448,1448,1448,1448,1448,1448,1448,1448,1448,1448,1448,1448,1448,1448,1448,1448,1448,1448,1448,1448,1448,1448,1448,1448,1448,1448,1448,1448,1448,1448,1448,1448,1448,1448,1448,1448,1448,1448,1448,1448,1448,1448,1448,1448,1448,1448,1448,1448,1448,1448,1448,1448,1448,1448,1448,1448,1448,1448,1448,1448,1448,1448,1448,1448,1448,1448,1448,1448,1448,1448,1448,1448,1448,1448,1448,457,458,1448,1448,1448,1448,1448,1448,1448,1448,1448,1448,1448,1448,1448,
1448,1448,1448,1448,1448,1448,1448,1448,1448,1448,1448,1448,1448,1448,1448,1448,1448,1448,1448,1448,1448,1448,1448,1448,1448,1448,1448,1448,1448,1448,1448,1448,1448,1448,1448,1448,1448,1448,1448,1448,1448,1448,1448,1448,1448,1448,1448,1448,1448,1448,1448,1448,1448,1448,1448,1448,1448,1448,1448,1448,1448,1448,1448,1448,1448,1448,1448,1448,1448,1448,1448,1448,1448,1448,1448,1448,1448,1448,1448,1448,1448,1448,1448,1448,1448,1448,1448,1448,1448,1448,1448,1448,1448,1448,1448,1448,1448,1448,1448,1448,1448,1448,1448,1448,1448,1448,1448,1448,1448,1448,1448,1448,1448,1448,1448,1448,1448,1448,1448,1448,
1448,1448,1448,1448,1448,1448,1448,1448,1448,1448,1448,1448,1448,1448,1448,1448,1448,1448,1448,1448,1448,1448,1448,1448,1448,1448,1448,1448,1448,1448,1448,1448,1448,1448,1448,1448,1448,1448,1448,1448,1448,1448,1448,1448,1448,1448,1448,1448,1448,1448,1448,1448,1448,1448,1448,1448,1448,1448,1448,1448,1448,1448,1448,1448,1448,1448,1448,1448,1448,1448,1448,1448,1448,1448,1448,1448,1448,1448,1448,1448,1448,1448,1448,1448,1448,1448,1448,1448,1448,1448,1448,1448,1448,1448,1448,1448,1448,1448,1448,1448,1448,1448,1448,1448,1448,1448,1448,1448,1448,1448,1448,1448,1448,1448,1448,1448,1448,1448,1448,1448,
1448,1448,1448,1448,1448,1448,1448,1448,1448,1448,1448,1448,1448,1448,1448,1448,1448,1448,1448,1448,1448,1448,1448,1448,1448,1448,1448,1448,1448,1448,1448,1448,1448,1448,1448,1448,1448,1448,1448,1448,1448,1448,1448,1448,1448,1448,1448,1448,1448,1448,1448,1448,1448,1448,1448,1448,1448,1448,1448,1448,1448,1448,1448,1448,1448,1448,1448,1448,1448,1448,1448,1448,1448,1448,1448,1448,1448,1448,1448,1448,1448,1448,1448,1448,1448,1448,1448,1448,1448,1448,1448,1448,1448,1448,1448,1448,1448,1448,1448,1448,1448,1448,1448,1448,1448,1448,1448,1448,1448,1448,1448,1448,1448,1448,1448,1448,1448,1448,1448,1448,
1448,1448,1448,1448,1448,1448,1448,1448,1448,1448,1448,1448,1448,1448,1448,1448,1448,1448,1448,1448,1448,1448,1448,1448,1448,1448,1448,1448,1448,1448,1448,1448,1448,1448,1448,1448,1448,1448,1448,1448,1448,1448,1448,1448,1448,1448,1448,1448,1448,1448,1448,1448,1448,1448,1448,1448,1448,1448,1448,1448,1448,1448,1448,1448,1448,1448,1448,1448,1448,1448,1448,1448,1448,1448,1448,1448,1448,1448,1448,1448,1448,1448,1448,1448,1448,1448,1448,1448,1448,1448,1448,1448,1448,1448,1448,1448,1448,1448,1448,1448,1448,1448,1448,1448,1448,1448,1448,1448,1448,1448,1448,1448,1448,1448,1448,1448,1448,1448,1448,1448,
1448,1448,1448,1448,1448,1448,1448,1448,1448,1448,1448,1448,1448,1448,1448,1448,1448,1448,1448,1448,1448,1448,1448,1448,1448,1448,1448,1448,1448,1448,1448,1448,1448,1448,1448,1448,1448,1448,1448,1448,1448,1448,1448,1448,1448,1448,1448,1448,1448,1448,1448,1448,1448,1448,1448,1448,1448,1448,1448,1448,1448,1448,1448,1448,1448,1448,1448,1448,1448,1448,1448,1448,1448,1448,1448,1448,1448,1448,1448,1448,1448,1448,1448,1448,1448,1448,1448,1448,1448,1448,1448,1448,1448,1448,1448,1448,1448,1448,1448,1448,1448,1448,1448,1448,1448,1448,1448,1448,1448,1448,1448,1448,1448,1448,1448,1448,1448,1448,1448,1448,
1448,1448,1448,1448,1448,1448,1448,1448,1448,1448,1448,1448,1448,1448,1448,1448,1448,1448,1448,1448,1448,1448,1448,1448,1448,1448,1448,1448,1448,1448,1448,1448,1448,1448,1448,1448,1448,1448,1448,1448,1448,1448,1448,1448,1448,1448,1448,1448,1448,1448,1448,1448,1448,1448,1448,1448,1448,1448,1448,1448,1448,1448,1448,1448,1448,1448,1448,1448,1448,1448,1448,1448,1448,1448,1448,1448,1448,1448,1448,1448,1448,1448,1709,1710,1448,1448,1448,1448,1448,1448,1448,1448,1448,1448,1448,1448,1448,1448,1448,1448,1448,1448,1448,1448,1448,1448,1448,1448,1448,1448,1448,1448,1448,1448,1448,1448,1448,1448,1448,1448,
1448,1448,1448,1448,1448,1448,1448,1448,1448,1448,1448,1448,1448,1448,1448,1448,1448,1448,1448,1448,1448,1448,1448,1448,1709,1710,1448,1448,1448,1448,1448,1448,1448,1448,1448,1448,1448,1448,1448,1448,1448,1448,1448,1448,1448,1448,1448,1448,1448,1448,1448,1448,1448,1448,1448,1448,1448,1448,1448,1448,1448,1448,1448,1448,1448,1448,1448,1448,1448,1448,1448,1448,1448,1448,1448,1448,1448,1448,1448,1448,1448,1448,1769,1770,1448,1448,1448,1448,1448,1448,1448,1448,1448,1448,1448,1448,1448,1448,1448,1448,1448,1448,1448,1448,1448,1448,1448,1448,1448,1448,1448,1448,1448,1448,1448,1448,1448,1448,1448,1448,
1448,1448,1448,1448,1448,1448,1448,1448,1448,1448,1448,1448,1448,1448,1448,1448,1448,1448,1448,1448,1448,1448,1448,1448,1769,1770,1448,1448,1448,1448,1448,1448,1448,1448,1448,1448,1448,1448,1448,1448,1448,1448,1448,1448,1448,1448,1448,1448,1448,1448,1448,1448,1448,1448,1448,1448,1448,1448,1448,1448,1448,1448,1448,1448,1448,1448,1448,1448,1448,1448,1448,1448,1448,1448,1448,1448,1448,1448,1448,1448,1448,1828,1829,1830,1831,1448,1448,1448,1448,1448,1448,1448,1448,1448,1448,1448,1448,1448,1448,1448,1448,1448,1448,1448,1448,1448,1448,1448,1448,1448,1448,1448,1448,1448,1448,1448,1448,1448,1448,1448,
1448,1448,1448,1448,1448,1448,1448,1448,1448,1448,1448,1448,1448,1448,1448,1448,1448,1448,1448,1448,1448,1448,1448,1828,1829,1830,1831,1448,1448,1448,1448,1448,1448,1448,1448,1448,1448,1448,1448,1448,1448,1448,1448,1448,1448,1448,1448,1448,1448,1448,1448,1448,1448,1448,1448,1448,1448,1448,1448,1448,1448,1448,1448,1448,1448,1448,1448,1448,1448,1448,1448,1448,1448,1448,1448,1448,1448,1448,1448,1448,1448,1448,1448,1448,1448,1448,1448,1448,1448,1448,1448,1448,1448,1448,1448,1448,1448,1448,1448,1448,1448,1448,1448,1448,1448,1448,1448,1448,1448,1448,1448,1448,1448,1448,1448,1448,1448,1448,1448,1448,
1448,1448,1448,1448,1448,1448,1448,1448,1448,1448,1448,1448,1448,1448,1448,1448,1448,1448,1448,1448,1448,1448,1448,1448,1448,1448,1448,1448,1448,1448,1448,1448,1448,1448,1448,1448,1448,1448,1448,1448,1448,1448,1448,1448,1448,1448,1448,1448,1448,1448,1448,1448,1448,1448,1448,1448,1448,1448,1448,1448,1448,1448,1448,1448,1448,1448,1448,1448,1448,1448,1448,1448,1448,1448,1448,1448,1448,1448,1448,1448,1448,1448,1448,1448,1448,1448,1448,1448,1448,1448,1448,1448,1448,1448,1448,1448,1448,1448,1448,1448,1448,1448,1448,1448,1448,1448,1448,1448,1448,1448,1448,1448,1448,1448,1448,1448,1448,1448,1448,1448,
1448,1448,1448,1448,1448,1448,1448,1448,1448,1448,1448,1448,1448,1448,1448,1448,1448,1448,1448,1448,1448,1448,1448,1448,1448,1448,1448,1448,1448,1448,1448,1448,1448,1448,1448,1448,1448,1448,1448,1448,1448,1448,1448,1448,1448,1448,1448,1448,1448,1448,1448,1448,1448,1448,1448,1448,1448,1448,1448,1448,1448,1448,1448,1448,1448,1448,1448,1448,1448,1448,1448,1448,1448,1448,1448,1448,1448,1448,1448,1448,1448,1448,1448,1448,1448,1448,1448,1448,1448,1448,1448,1448,1448,1448,1448,1448,1448,1448,1448,1448,1448,1448,1448,1448,1448,1448,1448,1448,1448,1448,1448,1448,1448,1448,1448,1448,1448,1448,1448,1448,
1448,1448,1448,1448,1448,1448,1448,1448,1448,1448,1448,1448,1448,1448,1448,1448,1448,1448,1448,1448,1448,1448,1448,1448,1448,1448,1448,1448,1448,1448,1448,1448,1448,1448,1448,1448,1448,1448,1448,1448,1448,1448,1448,1448,1448,1448,1448,1448,1448,1448,1448,1448,1448,1448,1448,1448,1448,1448,1448,1448,1448,1448,1448,1448,1448,1448,1448,1448,1448,1448,1448,1448,1448,1448,1448,1448,1448,1448,1448,1448,1448,1448,1448,1448,1448,1448,1448,1448,1448,1448,1448,1448,1448,1448,1448,1448,1448,1448,1448,1448,1448,1448,1448,1448,1448,1448,1448,1448,1448,1448,1448,1448,1448,1448,1448,1448,1448,1448,1448,1448,
1448,1448,1448,1448,1448,1448,1448,1448,1448,1448,1448,1448,1448,1448,1448,1448,1448,1448,1448,1448,1448,1448,1448,1448,1448,1448,1448,1448,1448,1448,1448,1448,1448,1448,1448,1448,1448,1448,1448,1448,1448,1448,1448,1448,1448,1448,1448,1448,1448,1448,1448,1448,1448,1448,1448,1448,1448,1448,1448,1448,1448,1448,1448,1448,1448,1448,1448,1448,1448,1448,1448,1448,1448,1448,1448,1448,1448,1448,1448,1448,1448,1448,1448,1448,1448,1448,1448,1448,1448,1448,1448,1448,1448,1448,1448,1448,1448,1448,1448,1448,1448,1448,1448,1448,1448,1448,1448,1448,1448,1448,1448,1448,1448,1448,1448,1448,1448,1448,1448,1448,
1448,1448,1448,1448,1448,1448,1448,1448,1448,1448,1448,1448,1448,1448,1448,1448,1448,1448,1448,1448,1448,1448,1448,1448,1448,1448,1448,1448,1448,1448,1448,1448,1448,1448,1448,1448,1448,1448,1448,1448,1448,1448,1448,1448,1448,1448,1448,1448,1448,1448,1448,1448,1448,1448,1448,1448,1448,1448,1448,1448,1448,1448,1448,1448,1448,1448,1448,1448,1448,1448,1448,1448,1448,1448,1448,1448,1448,1448,1448,1448,1448,1448,1448,1448,1448,1448,1448,1448,1448,1448,1448,1448,1448,1448,1448,1448,1448,1448,1448,1448,1448,1448,1448,1448,1448,1448,1448,1448,1448,1448,1448,1448,1448,1448,1448,1448,1448,1448,1448,1448,
1448,1448,1448,1448,1448,1448,1448,1448,1448,1448,1448,1448,1448,1448,1448,1448,1448,1448,1448,1448,1448,1448,1448,1448,1448,1448,1448,1448,1448,1448,1448,1448,1448,1448,1448,1448,1448,1448,1448,1448,1448,1448,1448,1448,1448,1448,1448,1448,1448,1448,1448,1448,1448,1448,1448,1448,1448,1448,1448,1448,1448,1448,1448,1448,1448,1448,1448,1448,1448,1448,1448,1448,1448,1448,1448,1448,1448,1448,1448,1448,1448,1448,1448,1448,1448,1448,1448,1448,1448,1448,1448,1448,1448,1448,1448,1448,1448,1448,1448,1448,1448,1448,1448,1448,1448,1448,1448,1448,1448,1448,1447,1447,1447,1447,1447,1447,1447,1447,1447,1448,
1448,1448,1448,1448,1448,1448,1448,1448,1448,1448,1448,1448,1448,1448,1448,1448,1448,1448,1448,1448,1448,1448,1448,1448,1448,1448,1448,1448,1448,1448,1448,1448,1448,1448,1448,1448,1448,1448,1448,1448,1448,1448,1448,1448,1448,1448,1448,1448,1448,1448,1448,1448,1448,1448,1448,1448,1448,1448,1448,1448,1448,1448,1448,1448,1448,1448,1448,1448,1448,1448,1448,1448,1448,1448,1448,1448,1448,1448,1448,1448,1448,1448,1448,1448,1448,1448,1448,1448,1448,1448,1448,1448,1448,1448,1448,1448,1448,1448,1448,1448,1448,1448,1448,1448,1447,1447,1447,1447,1447,1447,1448,1448,1448,1448,1448,1448,1448,1448,1448,1447,
1448,1448,1448,1448,1448,1448,1448,1448,1448,1448,1448,1448,1448,1448,1448,1448,1448,1448,1448,1448,1448,1448,1448,1448,1448,1448,1448,1448,1448,1448,1448,1448,1448,1448,1448,1448,1448,1448,1448,1448,1448,1448,1448,1448,1448,1448,1448,1448,1448,1448,1448,1448,1448,1448,1448,1448,1448,1448,1448,1448,1448,1448,1448,1448,1448,1448,1448,1448,1448,1448,1448,1448,1448,1448,1448,1447,1447,1447,1447,1447,1447,1447,1447,1447,1447,1447,1447,1447,1447,1447,1447,1447,1447,1447,1447,1447,1447,1447,1447,1447,1447,1447,1447,1447,1448,1448,1448,1448,1448,1448,1508,1508,1508,1508,1508,1508,1508,1508,1508,1448
893,894,895,896,897,898,411,412,895,896,897,898,411,412,895,896,897,898,411,412,895,896,897,898,411,412,895,896,897,898,411,412,895,896,897,898,411,412,895,896,897,898,899,900,0,0,0,0,0,0,0,0,0,0,0,0,0,0,0,0,0,0,0,0,0,0,0,0,0,0,0,0,0,0,0,0,0,0,893,894,895,896,897,898,411,412,895,896,897,898,411,412,895,896,897,898,411,412,895,896,897,898,411,412,895,896,897,898,411,412,895,896,897,898,411,412,895,896,897,898,
0,954,955,956,957,958,471,472,955,956,957,958,471,472,955,956,957,958,471,472,955,956,957,958,471,472,955,956,957,958,471,472,955,956,957,958,471,472,955,956,957,958,959,0,0,0,0,0,0,0,0,0,0,0,0,0,0,0,0,0,0,0,0,0,0,0,0,0,0,0,0,0,0,0,0,0,0,0,0,954,955,956,957,958,471,472,955,956,957,958,471,472,955,956,957,958,471,472,955,956,957,958,471,472,955,956,957,958,471,472,955,956,957,958,471,472,955,956,957,958,
653,654,655,656,657,658,171,172,655,656,657,658,171,172,655,656,657,658,171,172,655,656,657,658,171,172,655,656,657,658,171,172,655,656,657,658,171,172,655,656,657,658,659,660,0,0,0,0,0,0,0,0,0,0,0,0,0,0,0,0,0,0,0,0,0,0,0,0,0,0,0,0,0,0,0,0,0,0,653,654,655,656,657,658,171,172,655,656,657,658,171,172,655,656,657,658,171,172,655,656,657,658,171,172,655,656,657,658,171,172,655,656,657,658,171,172,655,656,657,658,
713,714,715,716,717,718,231,232,715,716,717,718,231,232,715,716,717,718,231,232,715,716,717,718,231,232,715,716,717,718,231,232,715,716,717,718,231,232,715,716,717,718,719,720,0,0,0,0,0,0,0,0,0,0,0,0,0,0,0,0,0,0,0,0,0,0,0,0,0,0,0,0,0,0,0,0,0,0,713,714,715,716,717,718,231,232,715,716,717,718,231,232,715,716,717,718,231,232,715,716,717,718,231,232,715,716,717,718,231,232,715,716,717,718,231,232,715,716,717,718,
773,774,775,776,777,778,291,292,775,776,777,778,291,292,775,776,777,778,291,292,775,776,777,778,291,292,775,776,777,778,291,292,775,776,777,778,291,292,775,776,777,778,779,780,0,0,0,0,0,0,0,0,0,0,0,0,0,0,0,0,0,0,0,0,0,0,0,0,0,0,0,0,0,0,0,0,0,0,773,774,775,776,777,778,291,292,775,776,777,778,291,292,775,776,777,778,291,292,775,776,777,778,291,292,775,776,777,778,291,292,775,776,777,778,291,292,775,776,777,778,
833,834,835,836,837,838,351,352,835,836,837,838,351,352,835,836,837,838,351,352,835,836,837,838,351,352,835,836,837,838,351,352,835,836,837,838,351,352,835,836,837,838,839,840,0,0,0,0,0,0,0,0,0,0,0,0,0,0,0,0,0,0,0,0,0,0,0,0,0,0,0,0,0,0,0,0,0,0,833,834,835,836,837,838,351,352,835,836,837,838,351,352,835,836,837,838,351,352,835,836,837,838,351,352,835,836,837,838,351,352,835,836,837,838,351,352,835,836,837,838,
893,894,895,896,897,898,411,412,895,896,897,898,411,412,895,896,897,898,411,412,895,896,897,898,411,412,895,896,897,898,411,412,895,896,897,898,411,412,895,896,897,898,899,900,0,0,0,0,0,0,0,0,0,0,0,0,0,0,0,0,0,0,0,0,0,0,0,0,0,0,0,0,0,0,0,0,0,0,893,894,895,896,897,898,411,412,895,896,897,898,411,412,895,896,897,898,411,412,895,896,897,898,411,412,895,896,897,898,411,412,895,896,897,898,411,412,895,896,897,898,
0,954,955,956,957,958,471,472,955,956,957,958,471,472,955,956,957,958,471,472,955,956,957,958,471,472,955,956,957,958,471,472,955,956,957,958,471,472,955,956,957,958,959,0,0,0,0,0,0,0,0,0,0,0,0,0,0,0,0,0,0,0,0,0,0,0,0,0,0,0,0,0,0,0,0,0,0,0,0,954,955,956,957,958,471,472,955,956,957,958,471,472,955,956,957,958,471,472,955,956,957,958,471,472,955,956,957,958,471,472,955,956,957,958,471,472,955,956,957,958,
653,654,655,656,657,658,659,660,0,0,0,0,0,0,0,0,0,0,0,0,0,0,0,0,0,0,0,0,0,0,0,0,0,0,0,0,0,0,0,0,0,0,0,0,0,0,0,0,0,0,0,0,0,0,0,0,0,0,0,0,0,0,0,0,0,0,0,0,0,0,0,0,0,0,0,0,0,0,0,0,0,0,0,0,0,0,0,0,0,0,0,0,0,0,0,0,0,0,0,0,0,0,0,0,0,0,0,0,0,0,0,0,0,0,653,654,655,656,657,658,
713,714,715,716,717,718,719,720,0,0,0,0,0,0,0,0,0,0,0,0,0,0,0,0,0,0,0,0,0,0,0,0,0,0,0,0,0,0,0,0,0,0,0,0,0,0,0,0,0,0,0,0,0,0,0,0,0,0,0,0,0,0,0,0,0,0,0,0,0,0,0,0,0,0,0,0,0,0,0,0,0,0,0,0,0,0,0,0,0,0,0,0,0,0,0,0,0,0,0,0,0,0,0,0,0,0,0,0,0,0,0,0,0,0,713,714,715,716,717,718,
773,774,775,776,777,778,779,780,0,0,0,0,0,0,0,0,0,0,0,0,0,0,0,0,0,0,0,0,0,0,0,0,0,0,0,0,0,0,0,0,0,0,0,0,0,0,0,0,0,0,0,0,0,0,0,0,0,0,0,0,0,0,0,0,0,0,0,0,0,0,0,0,0,0,0,0,0,0,0,0,0,0,0,0,0,0,0,0,0,0,0,0,0,0,0,0,0,0,0,0,0,0,0,0,0,0,0,0,0,0,0,0,0,0,773,774,775,776,777,778,
833,834,835,836,837,838,839,840,0,0,0,0,0,0,0,0,0,0,0,0,0,0,0,0,0,0,0,0,0,0,0,0,0,0,0,0,0,0,0,0,0,0,0,0,0,0,0,0,0,0,0,0,0,0,0,0,0,0,0,0,0,0,0,0,0,0,0,0,0,0,0,0,0,0,0,0,0,0,0,0,0,0,0,0,0,0,0,0,0,0,0,0,0,0,0,0,0,0,0,0,0,0,0,0,0,0,0,0,0,0,0,0,0,0,833,834,835,836,837,838,
893,894,895,896,897,898,899,900,0,0,0,0,0,0,0,0,0,0,0,0,0,0,0,0,0,0,0,0,0,0,0,0,0,0,0,0,0,0,0,0,0,0,0,0,0,0,0,0,0,0,0,0,0,0,0,0,0,0,0,0,0,0,0,0,0,0,0,0,0,0,0,0,0,0,0,0,0,0,0,0,0,0,0,0,0,0,0,0,0,0,0,0,0,0,0,0,0,0,0,0,0,0,0,0,0,0,0,0,0,0,0,0,0,0,893,894,895,896,897,898,
0,954,955,956,957,958,959,0,0,0,0,0,0,0,0,0,0,0,0,0,0,0,0,0,0,0,0,0,0,0,0,0,0,0,0,0,0,0,0,0,0,0,0,0,0,0,0,0,0,0,0,0,0,0,0,0,0,0,0,0,0,0,0,0,0,0,0,0,0,0,0,0,0,0,0,0,0,0,0,0,0,0,0,0,0,0,0,0,0,0,0,0,0,0,0,0,0,0,0,1466,1467,1468,1469,1470,1471,1472,1473,0,0,0,0,0,0,0,0,954,955,956,957,958,
653,654,655,656,657,658,659,660,0,0,0,0,0,0,0,0,0,0,0,0,0,0,0,0,0,0,0,0,0,0,0,0,0,0,0,0,0,0,0,0,0,0,0,0,0,0,0,0,0,0,0,0,0,0,0,0,0,0,0,0,0,0,0,0,0,0,0,0,0,0,0,0,0,0,0,0,0,0,0,0,0,0,0,0,0,0,0,0,0,0,0,0,0,0,0,0,0,0,0,1526,1527,1528,1529,1530,1531,1532,1533,0,0,0,0,0,0,0,653,654,655,656,657,658,
713,714,715,716,717,718,719,720,0,0,0,0,0,0,0,0,0,0,0,0,0,0,0,0,0,0,0,0,0,0,174,175,176,177,178,179,0,0,0,0,0,0,0,0,0,0,0,0,0,0,0,0,0,0,0,0,0,0,0,0,0,0,0,0,0,0,0,0,0,0,0,0,0,0,0,0,0,0,0,0,0,0,0,0,0,0,0,0,0,0,0,0,0,0,0,0,0,0,0,1586,1587,1588,1589,1590,1591,1592,1593,0,0,0,0,0,0,0,713,714,715,716,717,718,
773,774,775,776,777,778,779,780,0,0,0,0,0,0,1466,1467,1468,1469,1470,1471,1472,1473,0,0,0,0,0,0,0,0,234,235,236,237,238,239,0,0,0,0,0,0,0,0,0,0,0,0,0,0,0,0,0,0,0,0,0,0,0,0,0,0,0,0,0,0,0,0,0,0,0,0,0,0,0,0,0,0,0,0,0,0,0,0,0,0,0,0,0,0,0,0,0,0,0,0,0,0,0,1646,1647,1648,1649,1650,1651,1652,1653,0,0,0,0,0,0,0,773,774,775,776,777,778,
833,834,835,836,837,838,839,840,0,0,0,0,0,0,1526,1527,1528,1529,1530,1531,1532,1533,0,0,0,0,0,0,0,0,294,295,296,297,298,299,0,0,0,0,0,0,0,0,0,0,0,0,0,0,0,0,0,0,0,0,0,0,0,0,0,0,0,0,0,0,0,0,0,0,0,0,0,0,0,0,0,0,0,0,0,0,0,0,0,0,0,0,0,0,0,0,0,0,0,0,0,0,0,1706,1707,1708,0,0,1711,1712,1713,0,0,0,0,0,0,0,833,834,835,836,837,838,
893,894,895,896,897,898,899,900,0,0,0,0,0,0,1586,1587,1588,1589,1590,1591,1592,1593,0,0,0,0,0,0,0,0,354,355,356,357,358,359,0,0,0,0,0,0,0,0,0,0,0,0,0,0,0,0,0,0,0,0,0,0,0,0,0,0,0,0,0,0,0,0,0,0,0,0,0,0,0,0,0,0,0,0,0,0,0,0,0,0,0,0,0,0,0,0,0,0,0,0,0,0,0,1766,1767,1768,0,0,1771,1772,1773,0,0,0,0,0,0,0,893,894,895,896,897,898,
0,954,955,956,957,958,959,0,0,0,0,0,0,0,1646,1647,1648,1649,1650,1651,1652,1653,0,0,0,0,0,0,0,0,414,415,416,417,418,419,0,0,0,0,0,0,0,0,0,0,0,0,0,0,0,0,0,0,0,0,0,0,0,0,0,0,0,0,0,0,0,0,0,0,0,0,0,0,174,175,176,177,178,179,0,0,0,0,0,0,0,0,0,0,0,0,0,0,0,0,0,0,0,0,0,0,0,0,0,0,0,0,0,0,0,0,0,0,0,954,955,956,957,958,
653,654,655,656,657,658,659,660,0,0,0,0,0,0,1706,1707,1708,0,0,1711,1712,1713,0,0,0,0,0,0,0,0,474,475,476,477,478,479,0,0,0,0,0,0,0,0,0,0,0,0,0,0,0,0,0,0,0,0,0,0,0,0,0,0,0,0,0,0,0,0,0,0,0,0,0,0,234,235,236,237,238,239,0,0,0,0,0,0,0,0,0,0,0,0,0,0,0,0,0,0,0,0,0,0,0,0,0,0,0,0,0,0,0,0,0,0,653,654,655,656,657,658,
713,714,715,716,717,718,719,720,0,0,0,0,0,0,1766,1767,1768,0,0,1771,1772,1773,0,0,0,0,0,0,0,0,0,0,0,0,0,0,0,0,0,0,0,0,0,0,0,0,0,0,0,0,0,0,0,0,0,0,0,0,0,0,0,0,0,0,0,0,0,0,0,0,0,0,0,0,294,295,296,297,298,299,0,0,0,0,0,0,0,0,0,0,0,0,0,0,0,0,0,0,0,0,0,0,0,0,0,0,0,0,0,0,0,0,0,0,713,714,715,716,717,718,
773,774,775,776,777,778,779,780,0,0,0,0,0,0,0,0,0,0,0,0,0,0,0,0,0,0,0,0,0,0,0,0,0,0,0,0,0,0,0,0,0,0,0,0,0,0,0,0,0,0,0,0,0,0,0,0,0,0,0,0,0,0,0,0,0,0,0,0,0,0,0,0,0,0,354,355,356,357,358,359,0,0,0,0,0,0,0,0,0,0,0,0,0,0,0,0,0,0,0,0,0,0,0,0,0,0,0,0,0,0,0,0,0,0,773,774,775,776,777,778,
833,834,835,836,837,838,839,840,0,0,0,0,0,0,0,0,0,0,0,0,0,0,0,0,0,0,0,0,0,0,0,0,0,0,0,0,0,0,0,0,0,0,0,0,0,0,0,0,0,0,0,0,0,0,0,0,33,34,35,36,37,38,39,40,41,42,0,0,0,0,0,0,0,0,414,415,416,417,418,419,0,0,0,0,0,0,0,0,0,0,0,0,0,0,0,0,0,0,0,0,0,0,0,0,0,0,0,0,0,0,0,0,0,0,833,834,835,836,837,838,
893,894,895,896,897,898,899,900,0,0,0,0,0,0,0,0,0,0,0,0,0,0,0,0,0,0,0,0,0,0,0,0,0,0,0,0,0,0,0,0,0,0,0,0,0,0,0,0,0,0,0,0,0,0,0,0,93,94,95,96,97,98,99,100,101,102,0,0,0,0,0,0,0,0,474,475,476,477,478,479,0,0,0,0,0,0,0,0,0,0,0,0,0,0,0,0,0,0,0,0,0,0,0,0,0,0,0,0,0,0,0,0,0,0,893,894,895,896,897,898,
0,954,955,956,957,958,959,0,0,0,0,0,0,0,0,0,0,0,0,0,0,0,0,0,0,0,0,0,0,0,0,0,0,0,0,0,0,0,0,0,0,0,0,0,0,0,0,0,0,0,0,0,0,0,0,0,153,154,155,156,157,158,159,160,161,162,0,0,0,0,0,0,0,0,0,0,0,0,0,0,0,0,0,0,0,0,0,0,0,0,0,0,0,0,0,0,0,0,0,0,0,0,0,0,0,0,0,0,0,0,0,0,0,0,0,954,955,956,957,958,
653,654,655,656,657,658,659,660,0,0,0,0,0,0,0,0,0,0,0,0,0,0,0,0,0,0,0,0,0,0,0,0,0,0,0,0,0,0,0,0,0,0,0,0,0,0,0,0,0,0,0,0,0,0,0,0,213,214,215,216,217,218,219,220,221,222,0,0,0,0,0,0,0,0,0,0,0,0,0,0,0,0,0,0,0,0,0,0,0,0,0,0,0,0,0,0,0,0,0,0,0,0,0,0,0,0,0,0,0,0,0,0,0,0,653,654,655,656,657,658,
713,714,715,716,717,718,719,720,0,0,0,0,0,0,0,0,0,0,0,0,0,0,0,0,0,0,0,0,0,0,0,0,0,0,0,0,0,0,0,0,0,0,0,0,0,0,0,0,0,0,0,0,0,0,0,0,273,274,275,276,277,278,279,280,281,282,0,0,0,0,0,0,0,0,0,0,0,0,0,0,0,0,0,0,0,0,0,0,174,175,176,177,178,179,0,0,0,0,0,0,0,0,0,0,0,0,0,0,0,0,0,0,0,0,713,714,715,716,717,718,
773,774,775,776,777,778,779,780,0,0,0,0,0,0,0,0,0,0,0,0,0,0,0,0,0,0,0,0,0,0,0,0,0,0,0,0,0,0,0,0,0,0,0,0,0,0,0,0,0,0,0,0,0,0,0,0,333,334,335,336,337,338,339,340,341,342,0,0,0,0,0,0,0,0,0,0,0,0,0,0,0,0,0,0,0,0,0,0,234,235,236,237,238,239,0,0,0,0,0,0,0,0,0,0,0,0,0,0,0,0,0,0,0,0,773,774,775,776,777,778,
833,834,835,836,837,838,839,840,0,0,0,0,0,0,0,0,0,0,0,0,0,0,0,0,0,0,0,0,0,0,0,0,0,0,0,0,0,0,0,0,0,0,0,0,0,0,0,0,0,0,0,0,0,0,0,0,393,394,395,396,0,0,399,400,401,402,0,0,0,0,0,0,0,0,0,0,0,0,0,0,0,0,0,0,0,0,0,0,294,295,296,297,298,299,0,0,0,0,0,0,0,0,0,0,0,0,0,0,0,0,0,0,0,0,833,834,835,836,837,838,
893,894,895,896,897,898,899,900,0,0,0,0,0,0,0,0,0,0,0,0,0,0,0,0,0,0,0,0,0,0,0,0,0,0,0,0,0,0,0,0,0,0,0,0,0,0,0,0,0,0,0,0,0,0,0,0,453,454,455,456,0,0,459,460,461,462,0,0,0,0,0,0,0,0,0,0,0,0,0,0,0,0,0,0,0,0,0,0,354,355,356,357,358,359,0,0,0,0,0,0,0,0,0,0,0,0,0,0,0,0,0,0,0,0,893,894,895,896,897,898,
0,954,955,956,957,958,959,0,0,0,0,0,0,0,0,0,0,0,0,0,0,0,0,0,0,0,0,0,0,0,0,0,0,0,0,0,0,0,0,0,0,0,0,0,0,0,0,0,0,0,0,0,0,0,0,0,0,0,0,0,0,0,0,0,0,0,0,0,0,0,0,0,0,0,0,0,0,0,0,0,0,0,0,0,0,0,0,0,414,415,416,417,418,419,0,0,0,0,0,0,0,0,0,0,0,0,0,0,0,0,0,0,0,0,0,954,955,956,957,958,
653,654,655,656,657,658,659,660,0,0,0,0,0,0,0,0,0,0,0,0,0,0,0,0,0,0,0,0,0,0,0,0,0,0,0,0,0,0,0,0,0,0,0,0,0,0,0,0,0,0,0,0,0,0,0,0,0,0,0,0,0,0,0,0,0,0,0,0,0,0,0,0,0,0,0,0,0,0,0,0,0,0,0,0,0,0,0,0,474,475,476,477,478,479,0,0,0,0,0,0,0,0,0,0,0,0,0,0,0,0,0,0,0,0,653,654,655,656,657,658,
713,714,715,716,717,718,719,720,0,0,0,0,0,0,0,0,0,0,0,0,0,0,33,34,35,36,37,38,39,40,41,42,0,0,0,0,0,0,0,0,0,0,0,0,0,0,0,0,0,0,0,0,0,0,0,0,0,0,0,0,0,0,0,0,0,0,0,0,0,0,0,0,0,0,0,0,0,0,0,0,0,0,0,0,0,0,0,0,0,0,0,0,0,0,0,0,0,0,0,0,0,0,0,0,0,0,0,0,0,0,0,0,0,0,713,714,715,716,717,718,
773,774,775,776,777,778,779,780,0,0,0,0,0,0,0,0,0,0,0,0,0,0,93,94,95,96,97,98,99,100,101,102,0,0,0,0,0,0,0,0,0,0,174,175,176,177,178,179,0,0,0,0,0,0,0,0,0,0,0,0,0,0,0,0,0,0,0,0,0,0,0,0,0,0,0,0,0,0,0,0,0,0,0,0,0,0,0,0,0,0,0,0,0,0,0,0,0,0,0,0,0,0,0,0,0,0,0,0,0,0,0,0,0,0,773,774,775,776,777,778,
833,834,835,836,837,838,839,840,0,0,0,0,174,175,176,177,178,179,0,0,0,0,153,154,155,156,157,158,159,160,161,162,0,0,0,0,0,0,0,0,0,0,234,235,236,237,238,239,0,0,0,0,0,0,0,0,0,0,0,0,0,0,0,0,0,0,0,0,0,0,0,0,0,0,0,0,0,0,0,0,0,0,0,0,0,0,0,0,0,0,0,0,0,0,0,0,0,0,0,0,0,33,34,35,36,37,38,39,40,41,42,0,0,0,833,834,835,836,837,838,
893,894,895,896,897,898,899,900,0,0,0,0,234,235,236,237,238,239,0,0,0,0,213,214,215,216,217,218,219,220,221,222,0,0,0,0,0,0,0,0,0,0,294,295,296,297,298,299,0,0,0,0,0,0,0,0,0,0,0,0,0,0,0,0,0,0,0,0,0,0,0,0,0,0,0,0,0,0,0,0,0,0,0,0,0,0,0,0,0,0,0,0,0,0,0,0,0,0,0,0,0,93,94,95,96,97,98,99,100,101,102,0,0,0,893,894,895,896,897,898,
0,954,955,956,957,958,959,0,0,0,0,0,294,295,296,297,298,299,0,0,0,0,273,274,275,276,277,278,279,280,281,282,0,0,0,0,0,0,0,0,0,0,354,355,356,357,358,359,0,0,0,0,0,0,0,0,0,0,0,0,0,0,0,0,0,0,0,0,0,0,0,0,0,0,0,0,0,0,0,0,0,0,0,0,0,0,0,0,0,0,0,0,0,0,0,0,0,0,0,0,0,153,154,155,156,157,158,159,160,161,162,0,0,0,0,954,955,956,957,958,
653,654,655,656,657,658,659,660,0,0,0,0,354,355,356,357,358,359,0,0,0,0,333,334,335,336,337,338,339,340,341,342,0,0,0,0,0,0,0,0,0,0,414,415,416,417,418,419,0,0,0,0,0,0,0,0,0,0,0,0,0,0,0,0,0,0,0,0,0,174,175,176,177,178,179,0,0,0,0,0,0,0,0,0,0,0,0,0,0,0,0,0,0,0,0,0,0,0,0,0,0,213,214,215,216,217,218,219,220,221,222,0,0,0,653,654,655,656,657,658,
713,714,715,716,717,718,719,720,0,0,0,0,414,415,416,417,418,419,0,0,0,0,393,394,395,396,0,0,399,400,401,402,0,0,0,0,0,0,0,0,0,0,474,475,476,477,478,479,0,0,0,0,0,0,0,0,0,0,0,0,0,0,0,0,0,0,0,0,0,234,235,236,237,238,239,0,0,0,0,0,0,0,0,0,0,0,0,0,0,0,0,0,0,0,0,0,0,0,0,0,0,273,274,275,276,277,278,279,280,281,282,0,0,0,713,714,715,716,717,718,
773,774,775,776,777,778,779,780,0,0,0,0,474,475,476,477,478,479,0,0,0,0,453,454,455,456,0,0,459,460,461,462,0,0,0,0,0,0,0,0,0,0,0,0,0,0,0,0,0,0,0,0,0,0,0,0,0,0,0,0,0,0,0,0,0,0,0,0,0,294,295,296,297,298,299,0,0,0,0,0,0,0,0,0,0,0,0,0,0,0,0,0,0,0,0,0,0,0,0,0,0,333,334,335,336,337,338,339,340,341,342,0,0,0,773,774,775,776,777,778,
833,834,835,836,837,838,839,840,0,0,0,0,0,0,0,0,0,0,0,0,0,0,0,0,0,0,0,0,0,0,0,0,0,0,0,0,0,0,0,0,0,0,0,0,0,0,0,0,0,0,0,0,0,0,0,174,175,176,177,178,179,0,0,0,0,0,0,0,0,354,355,356,357,358,359,0,0,0,0,0,0,0,0,0,0,0,0,0,0,0,0,0,0,0,0,0,0,0,0,0,0,393,394,395,396,0,0,399,400,401,402,0,0,0,833,834,835,836,837,838,
893,894,895,896,897,898,899,900,0,0,0,0,0,0,0,0,0,0,0,0,0,0,0,0,0,0,0,0,0,0,0,0,0,0,0,0,0,0,0,0,0,0,0,0,0,0,0,0,0,0,0,0,0,0,0,234,235,236,237,238,239,0,0,0,0,0,0,0,0,414,415,416,417,418,419,0,0,0,0,0,0,0,0,0,0,0,0,0,0,0,0,0,0,0,0,0,0,0,0,0,0,453,454,455,456,0,0,459,460,461,462,0,0,0,893,894,895,896,897,898,
0,954,955,956,957,958,959,0,0,0,0,0,0,0,0,0,0,0,0,0,0,0,0,0,0,0,0,0,0,0,0,0,0,0,0,0,0,0,0,0,0,0,0,0,0,0,0,0,0,0,0,0,0,0,0,294,295,296,297,298,299,0,0,0,0,0,0,0,0,474,475,476,477,478,479,0,0,0,0,0,0,0,0,0,0,0,0,0,0,0,0,0,0,0,0,0,0,0,0,0,0,0,0,0,0,0,0,0,0,0,0,0,0,0,0,954,955,956,957,958,
653,654,655,656,657,658,659,660,0,0,0,0,0,0,0,0,0,0,0,0,0,0,0,0,0,0,0,0,0,0,0,0,0,0,0,0,0,0,0,0,0,0,0,0,0,0,0,0,0,0,0,0,0,0,0,354,355,356,357,358,359,0,0,0,0,0,0,0,0,0,0,0,0,0,0,0,0,0,0,1466,1467,1468,1469,1470,1471,1472,1473,0,0,0,0,0,0,0,0,0,0,0,0,0,0,0,0,0,0,0,0,0,0,0,0,0,0,0,653,654,655,656,657,658,
713,714,715,716,717,718,719,720,0,0,0,0,0,0,0,0,0,0,0,0,0,1466,1467,1468,1469,1470,1471,1472,1473,0,0,0,0,0,0,0,0,0,0,0,0,0,0,0,0,0,0,0,0,0,0,0,0,0,0,414,415,416,417,418,419,0,0,0,0,0,0,0,0,0,0,0,0,0,0,0,0,0,0,1526,1527,1528,1529,1530,1531,1532,1533,0,0,0,0,0,0,0,0,0,0,0,0,0,0,0,0,0,0,0,0,0,0,0,0,0,0,0,713,714,715,716,717,718,
773,774,775,776,777,778,779,780,0,0,0,0,0,0,0,0,0,0,0,0,0,1526,1527,1528,1529,1530,1531,1532,1533,0,0,0,0,0,0,0,0,0,0,0,0,0,0,0,0,0,0,0,0,0,0,0,0,0,0,474,475,476,477,478,479,0,0,0,0,0,0,0,0,0,0,0,0,0,0,0,0,0,0,1586,1587,1588,1589,1590,1591,1592,1593,0,0,0,0,0,0,0,0,0,0,0,0,0,0,0,0,0,0,0,0,0,0,0,0,0,0,0,773,774,775,776,777,778,
833,834,835,836,837,838,839,840,0,0,0,0,0,0,0,0,0,0,0,0,0,1586,1587,1588,1589,1590,1591,1592,1593,0,0,0,0,0,0,0,0,0,0,0,0,0,0,0,0,0,0,0,0,0,0,0,0,0,0,0,0,0,0,0,0,0,0,0,0,0,0,0,0,0,0,0,0,0,0,0,0,0,0,1646,1647,1648,1649,1650,1651,1652,1653,0,0,0,0,0,0,0,0,0,0,0,0,0,0,0,0,0,0,0,0,0,0,0,0,0,0,0,833,834,835,836,837,838,
893,894,895,896,897,898,899,900,0,0,0,0,0,0,0,0,0,0,0,0,0,1646,1647,1648,1649,1650,1651,1652,1653,0,0,0,0,0,0,0,0,0,0,0,0,0,0,0,0,0,0,0,0,0,0,0,0,0,0,0,0,0,0,0,0,0,0,0,0,0,0,0,0,0,0,0,0,0,0,0,0,0,0,1706,1707,1708,0,0,1711,1712,1713,0,0,0,0,0,0,0,0,0,0,0,0,0,0,0,0,0,0,0,0,0,0,0,0,0,0,0,893,894,895,896,897,898,
0,954,955,956,957,958,959,0,0,0,0,0,0,0,0,0,0,0,0,0,0,1706,1707,1708,0,0,1711,1712,1713,0,0,0,0,0,0,0,0,0,0,0,0,0,0,0,0,0,0,0,0,0,0,0,0,0,0,0,0,0,0,0,0,0,0,0,0,0,0,0,0,0,0,0,0,0,0,0,0,0,0,1766,1767,1768,0,0,1771,1772,1773,0,0,0,0,0,0,0,0,0,0,0,0,0,0,0,0,0,0,0,0,0,0,0,0,0,0,0,0,954,955,956,957,958,
653,654,655,656,657,658,659,660,0,0,0,0,0,0,0,0,0,0,0,0,0,1766,1767,1768,0,0,1771,1772,1773,0,0,0,0,0,0,0,0,0,0,0,0,0,0,0,0,0,0,0,0,0,0,0,0,0,0,0,0,0,0,0,0,0,0,0,0,0,0,0,0,0,0,0,0,0,0,0,0,0,0,0,0,0,0,0,0,0,0,0,0,0,0,0,0,0,0,0,0,0,0,0,0,0,0,0,0,0,0,0,0,0,0,0,0,0,653,654,655,656,657,658,
713,714,715,716,717,718,719,720,0,0,0,0,0,0,0,0,0,0,0,0,0,0,0,0,0,0,0,0,0,0,0,0,0,0,0,0,0,0,0,0,0,0,0,0,0,0,0,0,0,0,0,0,0,0,0,0,0,0,0,0,0,0,0,0,0,0,0,0,0,0,0,0,0,0,0,0,0,0,0,0,0,0,0,0,0,0,0,0,0,0,0,0,0,0,0,0,0,0,0,0,0,0,0,0,0,0,0,0,0,0,0,0,0,0,713,714,715,716,717,718,
773,774,775,776,777,778,779,780,0,0,0,0,0,0,0,0,0,0,0,0,0,0,0,0,0,0,0,0,0,0,0,0,0,0,0,0,0,0,0,0,0,0,0,0,0,0,0,0,0,0,0,0,0,0,0,0,0,0,0,0,0,0,0,0,0,0,0,0,0,0,0,0,0,0,0,0,0,0,0,0,0,0,0,0,0,0,0,0,0,0,0,0,0,0,0,0,0,0,0,0,0,0,0,0,0,0,0,0,0,0,0,0,0,0,773,774,775,776,777,778,
833,834,835,836,837,838,839,840,0,0,0,0,0,0,0,0,0,0,0,0,0,0,0,0,0,0,0,0,0,0,0,0,0,0,0,0,0,0,0,0,0,0,0,0,0,0,0,0,0,0,0,0,0,0,0,0,0,0,0,0,0,0,0,0,0,0,0,0,0,0,0,0,0,0,0,0,0,0,0,0,0,0,0,0,0,0,0,0,0,0,0,0,0,0,0,0,0,0,0,0,0,0,0,0,0,0,0,0,0,0,0,0,0,0,833,834,835,836,837,838,
893,894,895,896,897,898,899,900,0,0,0,0,0,0,0,0,0,0,0,0,0,0,0,0,0,0,0,0,0,0,0,0,0,0,0,0,0,0,0,0,0,0,0,0,0,0,0,0,0,0,0,0,0,0,0,0,0,0,0,0,0,0,0,0,0,0,0,0,0,0,0,0,0,0,0,0,0,0,0,0,0,0,0,0,0,0,0,0,0,0,0,0,0,0,0,0,0,0,0,0,0,0,0,0,0,0,0,0,0,0,0,0,0,0,893,894,895,896,897,898,
0,954,955,956,957,958,959,0,0,0,0,0,0,0,0,0,0,0,0,0,0,0,0,0,0,0,0,0,0,0,0,0,0,0,0,0,0,0,0,0,0,0,0,0,0,0,0,0,0,0,0,0,0,0,0,0,0,0,0,0,0,0,0,0,0,0,0,0,0,0,0,0,0,0,0,0,0,0,0,0,0,0,0,0,0,0,0,0,0,0,0,0,0,0,0,0,0,0,0,0,0,0,0,0,0,0,0,0,0,0,0,0,0,0,0,954,955,956,957,958,
653,654,655,656,657,658,171,172,655,656,657,658,171,172,655,656,657,658,171,172,655,656,657,658,171,172,655,656,657,658,171,172,655,656,657,658,171,172,655,656,657,658,171,172,655,656,657,658,171,172,655,656,657,658,171,172,655,656,657,658,171,172,655,656,657,658,171,172,655,656,657,658,171,172,655,656,657,658,171,172,655,656,657,658,171,172,655,656,657,658,171,172,655,656,657,658,171,172,655,656,657,658,171,172,655,656,657,658,171,172,655,656,657,658,171,172,655,656,657,658,
713,714,715,716,717,718,231,232,715,716,717,718,231,232,715,716,717,718,231,232,715,716,717,718,231,232,715,716,717,718,231,232,715,716,717,718,231,232,715,716,717,718,231,232,715,716,717,718,231,232,715,716,717,718,231,232,715,716,717,718,231,232,715,716,717,718,231,232,715,716,717,718,231,232,715,716,717,718,231,232,715,716,717,718,231,232,715,716,717,718,231,232,715,716,717,718,231,232,715,716,717,718,231,232,715,716,717,718,231,232,715,716,717,718,231,232,715,716,717,718,
773,774,775,776,777,778,291,292,775,776,777,778,291,292,775,776,777,778,291,292,775,776,777,778,291,292,775,776,777,778,291,292,775,776,777,778,291,292,775,776,777,778,291,292,775,776,777,778,291,292,775,776,777,778,291,292,775,776,777,778,291,292,775,776,777,778,291,292,775,776,777,778,291,292,775,776,777,778,291,292,775,776,777,778,291,292,775,776,777,778,291,292,775,776,777,778,291,292,775,776,777,778,291,292,775,776,777,778,291,292,775,776,777,778,291,292,775,776,777,778,
833,834,835,836,837,838,351,352,835,836,837,838,351,352,835,836,837,838,351,352,835,836,837,838,351,352,835,836,837,838,351,352,835,836,837,838,351,352,835,836,837,838,351,352,835,836,837,838,351,352,835,836,837,838,351,352,835,836,837,838,351,352,835,836,837,838,351,352,835,836,837,838,351,352,835,836,837,838,351,352,835,836,837,838,351,352,835,836,837,838,351,352,835,836,837,838,351,352,835,836,837,838,351,352,835,836,837,838,351,352,835,836,837,838,351,352,835,836,837,838
533,534,535,536,537,538,51,52,535,536,537,538,51,52,535,536,537,538,51,52,535,536,537,538,51,52,535,536,537,538,51,52,535,536,537,538,51,52,535,536,537,538,539,540,0,0,0,0,0,0,0,0,0,0,0,0,0,0,0,0,0,0,0,0,0,0,0,0,0,0,0,0,0,0,0,0,0,0,533,534,535,536,537,538,51,52,535,536,537,538,51,52,535,536,537,538,51,52,535,536,537,538,51,52,535,536,537,538,51,52,535,536,537,538,51,52,535,536,537,538,
593,594,595,596,597,598,111,112,595,596,597,598,111,112,595,596,597,598,111,112,595,596,597,598,111,112,595,596,597,598,111,112,595,596,597,598,111,112,595,596,597,598,599,600,0,0,0,0,0,0,0,0,0,0,0,0,0,0,0,0,0,0,0,0,0,0,0,0,0,0,0,0,0,0,0,0,0,0,593,594,595,596,597,598,111,112,595,596,597,598,111,112,595,596,597,598,111,112,595,596,597,598,111,112,595,596,597,598,111,112,595,596,597,598,111,112,595,596,597,598,
0,0,0,0,0,0,0,0,0,0,0,0,0,0,0,0,0,0,0,0,0,0,0,0,0,0,0,0,0,0,0,0,0,0,0,0,0,0,0,0,0,0,0,0,0,0,0,0,0,0,0,0,0,0,0,0,0,0,0,0,0,0,0,0,0,0,0,0,0,0,0,0,0,0,0,0,0,0,0,0,0,0,0,0,0,0,0,0,0,0,0,0,0,0,0,0,0,0,0,0,0,0,0,0,0,0,0,0,0,0,0,0,0,0,0,0,0,0,0,0,
0,0,0,0,0,0,0,0,0,0,0,0,0,0,0,0,0,0,0,0,0,0,0,0,0,0,0,0,0,0,0,0,0,0,0,0,0,0,0,0,0,0,0,0,0,0,0,0,0,0,0,0,0,0,0,0,0,0,0,0,0,0,0,0,0,0,0,0,0,0,0,0,0,0,0,0,0,0,0,0,0,0,0,0,0,0,0,0,0,0,0,0,0,0,0,0,0,0,0,0,0,0,0,0,0,0,0,0,0,0,0,0,0,0,0,0,0,0,0,0,
0,0,0,0,0,0,0,0,0,0,0,0,0,0,0,0,0,0,0,0,0,0,0,0,0,0,0,0,0,0,0,0,0,0,0,0,0,0,0,0,0,0,0,0,0,0,0,0,0,0,0,0,0,0,0,0,0,0,0,0,0,0,0,0,0,0,0,0,0,0,0,0,0,0,0,0,0,0,0,0,0,0,0,0,0,0,0,0,0,0,0,0,0,0,0,0,0,0,0,0,0,0,0,0,0,0,0,0,0,0,0,0,0,0,0,0,0,0,0,0,
0,0,0,0,0,0,0,0,0,0,0,0,0,0,0,0,0,0,0,0,0,0,0,0,0,0,0,0,0,0,0,0,0,0,0,0,0,0,0,0,0,0,0,0,0,0,0,0,0,0,0,0,0,0,0,0,0,0,0,0,0,0,0,0,0,0,0,0,0,0,0,0,0,0,0,0,0,0,0,0,0,0,0,0,0,0,0,0,0,0,0,0,0,0,0,0,0,0,0,0,0,0,0,0,0,0,0,0,0,0,0,0,0,0,0,0,0,0,0,0,
533,534,535,536,537,538,539,540,0,0,0,0,0,0,0,0,0,0,0,0,0,0,0,0,0,0,0,0,0,0,0,0,0,0,0,0,0,0,0,0,0,0,0,0,0,0,0,0,0,0,0,0,0,0,0,0,0,0,0,0,0,0,0,0,0,0,0,0,0,0,0,0,0,0,0,0,0,0,0,0,0,0,0,0,0,0,0,0,0,0,0,0,0,0,0,0,0,0,0,0,0,0,0,0,0,0,0,0,0,0,0,0,0,0,533,534,535,536,537,538,
593,594,595,596,597,598,599,600,0,0,0,0,0,0,0,0,0,0,0,0,0,0,0,0,0,0,0,0,0,0,0,0,0,0,0,0,0,0,0,0,0,0,0,0,0,0,0,0,0,0,0,0,0,0,0,0,0,0,0,0,0,0,0,0,0,0,0,0,0,0,0,0,0,0,0,0,0,0,0,0,0,0,0,0,0,0,0,0,0,0,0,0,0,0,0,0,0,0,0,0,0,0,0,0,0,0,0,0,0,0,0,0,0,0,593,594,595,596,597,598,
0,0,0,0,0,0,0,0,0,0,0,0,0,0,0,0,0,0,0,0,0,0,0,0,0,0,0,0,0,0,0,0,0,0,0,0,0,0,0,0,0,0,0,0,0,0,0,0,0,0,0,0,0,0,0,0,0,0,0,0,0,0,0,0,0,0,0,0,0,0,0,0,0,0,0,0,0,0,0,0,0,0,0,0,0,0,0,0,0,0,0,0,0,0,0,0,0,0,0,0,0,0,0,0,0,0,0,0,0,0,0,0,0,0,0,0,0,0,0,0,
0,0,0,0,0,0,0,0,0,0,0,0,0,0,0,0,0,0,0,0,0,0,0,0,0,0,0,0,0,0,0,0,0,0,0,0,0,0,0,0,0,0,0,0,0,0,0,0,0,0,0,0,0,0,0,0,0,0,0,0,0,0,0,0,0,0,0,0,0,0,0,0,0,0,0,0,0,0,0,0,0,0,0,0,0,0,0,0,0,0,0,0,0,0,0,0,0,0,0,0,0,0,0,0,0,0,0,0,0,0,0,0,0,0,0,0,0,0,0,0,
0,0,0,0,0,0,0,0,0,0,0,0,0,0,0,0,0,0,0,0,0,0,0,0,0,0,0,0,0,0,0,0,0,0,0,0,0,0,0,0,0,0,0,0,0,0,0,0,0,0,0,0,0,0,0,0,0,0,0,0,0,0,0,0,0,0,0,0,0,0,0,0,0,0,0,0,0,0,0,0,0,0,0,0,0,0,0,0,0,0,0,0,0,0,0,0,0,0,0,1792,1793,1794,1795,1796,1797,1798,1799,0,0,0,0,0,0,0,0,0,0,0,0,0,
0,0,0,0,0,0,0,0,0,0,0,0,0,0,0,0,0,0,0,0,0,0,0,0,0,0,0,0,0,0,0,0,0,0,0,0,0,0,0,0,0,0,0,0,0,0,0,0,0,0,0,0,0,0,0,0,0,0,0,0,0,0,0,0,0,0,0,0,0,0,0,0,0,0,0,0,0,0,0,0,0,0,0,0,0,0,0,0,0,0,0,0,0,0,0,0,0,0,0,1852,1853,1854,1855,1856,1857,1858,1859,0,0,0,0,0,0,0,0,0,0,0,0,0,
533,534,535,536,537,538,539,540,0,0,0,0,0,0,0,0,0,0,0,0,0,0,0,0,0,0,0,0,0,0,0,0,0,0,0,0,0,0,0,0,0,0,0,0,0,0,0,0,0,0,0,0,0,0,0,0,0,0,0,0,0,0,0,0,0,0,0,0,0,0,0,0,0,0,0,0,0,0,0,0,0,0,0,0,0,0,0,0,0,0,0,0,0,0,0,0,0,0,0,1912,1913,1914,1915,1916,1917,1918,1919,0,0,0,0,0,0,0,533,534,535,536,537,538,
593,594,595,596,597,598,599,600,0,0,0,0,0,0,1792,1793,1794,1795,1796,1797,1798,1799,0,0,0,0,0,0,0,53,54,55,56,57,58,59,60,0,0,0,0,0,0,0,0,0,0,0,0,0,0,0,0,0,0,0,0,0,0,0,0,0,0,0,0,0,0,0,0,0,0,0,0,0,0,0,0,0,0,0,0,0,0,0,0,0,0,0,0,0,0,0,0,0,0,0,0,0,0,0,0,0,0,0,0,0,0,0,0,0,0,0,0,0,593,594,595,596,597,598,
0,0,0,0,0,0,0,0,0,0,0,0,0,0,1852,1853,1854,1855,1856,1857,1858,1859,0,0,0,0,0,0,0,113,114,115,116,117,118,119,120,0,0,0,0,0,0,0,0,0,0,0,0,0,0,0,0,0,0,0,0,0,0,0,0,0,0,0,0,0,0,0,0,0,0,0,0,0,0,0,0,0,0,0,0,0,0,0,0,0,0,0,0,0,0,0,0,0,0,0,0,0,0,0,0,0,0,0,0,0,0,0,0,0,0,0,0,0,0,0,0,0,0,0,
0,0,0,0,0,0,0,0,0,0,0,0,0,0,1912,1913,1914,1915,1916,1917,1918,1919,0,0,0,0,0,0,0,173,0,0,0,0,0,0,180,0,0,0,0,0,0,0,0,0,0,0,0,0,0,0,0,0,0,0,0,0,0,0,0,0,0,0,0,0,0,0,0,0,0,0,0,0,0,0,0,0,0,0,0,0,0,0,0,0,0,0,0,0,0,0,0,0,0,0,0,0,1585,0,0,0,0,0,0,0,0,1594,0,0,0,0,0,0,0,0,0,0,0,0,
0,0,0,0,0,0,0,0,0,0,0,0,0,0,0,0,0,0,0,0,0,0,0,0,0,0,0,0,0,233,0,0,0,0,0,0,240,0,0,0,0,0,0,0,0,0,0,0,0,0,0,0,0,0,0,0,0,0,0,0,0,0,0,0,0,0,0,0,0,0,0,0,0,0,0,0,0,0,0,0,0,0,0,0,0,0,0,0,0,0,0,0,0,0,0,0,0,0,1645,0,0,0,0,0,0,0,0,1654,0,0,0,0,0,0,0,0,0,0,0,0,
0,0,0,0,0,0,0,0,0,0,0,0,0,0,0,0,0,0,0,0,0,0,0,0,0,0,0,0,0,293,0,0,0,0,0,0,300,0,0,0,0,0,0,0,0,0,0,0,0,0,0,0,0,0,0,0,0,0,0,0,0,0,0,0,0,0,0,0,0,0,0,0,0,53,54,55,56,57,58,59,60,0,0,0,0,0,0,0,0,0,0,0,0,0,0,0,0,0,0,0,0,0,0,0,0,0,0,0,0,0,0,0,0,0,0,0,0,0,0,0,
533,534,535,536,537,538,539,540,0,0,0,0,0,1585,0,0,0,0,0,0,0,0,1594,0,0,0,0,0,0,353,0,0,0,0,0,0,360,0,0,0,0,0,0,0,0,0,0,0,0,0,0,0,0,0,0,0,0,0,0,0,0,0,0,0,0,0,0,0,0,0,0,0,0,113,114,115,116,117,118,119,120,0,0,0,0,0,0,0,0,0,0,0,0,0,0,0,0,0,0,0,0,0,0,0,0,0,0,0,0,0,0,0,0,0,533,534,535,536,537,538,
593,594,595,596,597,598,599,600,0,0,0,0,0,1645,0,0,0,0,0,0,0,0,1654,0,0,0,0,0,0,0,0,0,0,0,0,0,0,0,0,0,0,0,0,0,0,0,0,0,0,0,0,0,0,0,0,0,0,0,0,0,0,0,0,0,0,0,0,0,0,0,0,0,0,173,0,0,0,0,0,0,180,0,0,0,0,0,0,0,0,0,0,0,0,0,0,0,0,0,0,0,0,0,0,0,0,0,0,0,0,0,0,0,0,0,593,594,595,596,597,598,
0,0,0,0,0,0,0,0,0,0,0,0,0,0,0,0,0,0,0,0,0,0,0,0,0,0,0,0,0,0,0,0,0,0,0,0,0,0,0,0,0,0,0,0,0,0,0,0,0,0,0,0,0,0,0,0,0,0,0,0,0,0,0,0,0,0,0,0,0,0,0,0,0,233,0,0,0,0,0,0,240,0,0,0,0,0,0,0,0,0,0,0,0,0,0,0,0,0,0,0,0,0,0,0,0,0,0,0,0,0,0,0,0,0,0,0,0,0,0,0,
0,0,0,0,0,0,0,0,0,0,0,0,0,0,0,0,0,0,0,0,0,0,0,0,0,0,0,0,0,0,0,0,0,0,0,0,0,0,0,0,0,0,0,0,0,0,0,0,0,0,0,0,0,0,0,0,1611,1612,1613,1614,1615,1616,1617,1618,1619,1620,0,0,0,0,0,0,0,293,0,0,0,0,0,0,300,0,0,0,0,0,0,0,0,0,0,0,0,0,0,0,0,0,0,0,0,0,0,0,0,0,0,0,0,0,0,0,0,0,0,0,0,0,0,0,
0,0,0,0,0,0,0,0,0,0,0,0,0,0,0,0,0,0,0,0,0,0,0,0,0,0,0,0,0,0,0,0,0,0,0,0,0,0,0,0,0,0,0,0,0,0,0,0,0,0,0,0,0,0,0,0,1671,1672,1673,1674,1675,1676,1677,1678,1679,1680,0,0,0,0,0,0,0,353,0,0,0,0,0,0,360,0,0,0,0,0,0,0,0,0,0,0,0,0,0,0,0,0,0,0,0,0,0,0,0,0,0,0,0,0,0,0,0,0,0,0,0,0,0,0,
0,0,0,0,0,0,0,0,0,0,0,0,0,0,0,0,0,0,0,0,0,0,0,0,0,0,0,0,0,0,0,0,0,0,0,0,0,0,0,0,0,0,0,0,0,0,0,0,0,0,0,0,0,0,0,0,0,0,0,0,0,0,0,0,0,0,0,0,0,0,0,0,0,0,0,0,0,0,0,0,0,0,0,0,0,0,0,0,0,0,0,0,0,0,0,0,0,0,0,0,0,0,0,0,0,0,0,0,0,0,0,0,0,0,0,0,0,0,0,0,
533,534,535,536,537,538,539,540,0,0,0,0,0,0,0,0,0,0,0,0,0,0,0,0,0,0,0,0,0,0,0,0,0,0,0,0,0,0,0,0,0,0,0,0,0,0,0,0,0,0,0,0,0,0,0,0,0,0,0,0,0,0,0,0,0,0,0,0,0,0,0,0,0,0,0,0,0,0,0,0,0,0,0,0,0,0,0,0,0,0,0,0,0,0,0,0,0,0,0,0,0,0,0,0,0,0,0,0,0,0,0,0,0,0,533,534,535,536,537,538,
593,594,595,596,597,598,599,600,0,0,0,0,0,0,0,0,0,0,0,0,0,0,0,0,0,0,0,0,0,0,0,0,0,0,0,0,0,0,0,0,0,0,0,0,0,0,0,0,0,0,0,0,0,0,0,0,0,0,0,0,0,0,0,0,0,0,0,0,0,0,0,0,0,0,0,0,0,0,0,0,0,0,0,0,0,0,0,53,54,55,56,57,58,59,60,0,0,0,0,0,0,0,0,0,0,0,0,0,0,0,0,0,0,0,593,594,595,596,597,598,
0,0,0,0,0,0,0,0,0,0,0,0,0,0,0,0,0,0,0,0,0,0,0,0,0,0,0,0,0,0,0,0,0,0,0,0,0,0,0,0,0,0,0,0,0,0,0,0,0,0,0,0,0,0,0,0,0,0,0,0,0,0,0,0,0,0,0,0,0,0,0,0,0,0,0,0,0,0,0,0,0,0,0,0,0,0,0,113,114,115,116,117,118,119,120,0,0,0,0,0,0,0,0,0,0,0,0,0,0,0,0,0,0,0,0,0,0,0,0,0,
0,0,0,0,0,0,0,0,0,0,0,0,0,0,0,0,0,0,0,0,0,0,0,0,0,0,0,0,0,0,0,0,0,0,0,0,0,0,0,0,0,0,0,0,0,0,0,0,0,0,0,0,0,0,0,0,0,0,0,0,0,0,0,0,0,0,0,0,0,0,0,0,0,0,0,0,0,0,0,0,0,0,0,0,0,0,0,173,0,0,0,0,0,0,180,0,0,0,0,0,0,0,0,0,0,0,0,0,0,0,0,0,0,0,0,0,0,0,0,0,
0,0,0,0,0,0,0,0,0,0,0,0,0,0,0,0,0,0,0,0,0,0,0,0,0,0,0,0,0,0,0,0,0,0,0,0,0,0,0,0,0,0,0,0,0,0,0,0,0,0,0,0,0,0,0,0,0,0,0,0,0,0,0,0,0,0,0,0,0,0,0,0,0,0,0,0,0,0,0,0,0,0,0,0,0,0,0,233,0,0,0,0,0,0,240,0,0,0,0,0,0,0,0,0,0,0,0,0,0,0,0,0,0,0,0,0,0,0,0,0,
0,0,0,0,0,0,0,0,0,0,0,0,0,0,0,0,0,0,0,0,0,0,0,0,0,0,0,0,0,0,0,0,0,0,0,0,0,0,0,0,0,0,0,0,0,0,0,0,0,0,0,0,0,0,0,0,0,0,0,0,0,0,0,0,0,0,0,0,0,0,0,0,0,0,0,0,0,0,0,0,0,0,0,0,0,0,0,293,0,0,0,0,0,0,300,0,0,0,0,0,0,0,0,0,0,0,0,0,0,0,0,0,0,0,0,0,0,0,0,0,
533,534,535,536,537,538,539,540,0,0,0,0,0,0,0,0,0,0,0,0,0,0,0,0,0,0,0,0,0,0,0,0,0,0,0,0,0,0,0,0,0,0,0,0,0,0,0,0,0,0,0,0,0,0,0,0,0,0,0,0,0,0,0,0,0,0,0,0,0,0,0,0,0,0,0,0,0,0,0,0,0,0,0,0,0,0,0,353,0,0,0,0,0,0,360,0,0,0,0,0,0,0,0,0,0,0,0,0,0,0,0,0,0,0,533,534,535,536,537,538,
593,594,595,596,597,598,599,600,0,0,0,0,0,0,0,0,0,0,0,0,0,0,1611,1612,1613,1614,1615,1616,1617,1618,1619,1620,0,0,0,0,0,0,0,0,0,0,0,0,0,0,0,0,0,0,0,0,0,0,0,0,0,0,0,0,0,0,0,0,0,0,0,0,0,0,0,0,0,0,0,0,0,0,0,0,0,0,0,0,0,0,0,0,0,0,0,0,0,0,0,0,0,0,0,0,0,0,0,0,0,0,0,0,0,0,0,0,0,0,593,594,595,596,597,598,
0,0,0,0,0,0,0,0,0,0,0,0,0,0,0,0,0,0,0,0,0,0,1671,1672,1673,1674,1675,1676,1677,1678,1679,1680,0,0,0,0,0,0,0,0,0,53,54,55,56,57,58,59,60,0,0,0,0,0,0,0,0,0,0,0,0,0,0,0,0,0,0,0,0,0,0,0,0,0,0,0,0,0,0,0,0,0,0,0,0,0,0,0,0,0,0,0,0,0,0,0,0,0,0,0,0,0,0,0,0,0,0,0,0,0,0,0,0,0,0,0,0,0,0,0,
0,0,0,0,0,0,0,0,0,0,0,53,54,55,56,57,58,59,60,0,0,0,0,0,0,0,0,0,0,0,0,0,0,0,0,0,0,0,0,0,0,113,114,115,116,117,118,119,120,0,0,0,0,0,0,0,0,0,0,0,0,0,0,0,0,0,0,0,0,0,0,0,0,0,0,0,0,0,0,0,0,0,0,0,0,0,0,0,0,0,0,0,0,0,0,0,0,0,0,0,0,1611,1612,1613,1614,1615,1616,1617,1618,1619,1620,0,0,0,0,0,0,0,0,0,
0,0,0,0,0,0,0,0,0,0,0,113,114,115,116,117,118,119,120,0,0,0,0,0,0,0,0,0,0,0,0,0,0,0,0,0,0,0,0,0,0,173,0,0,0,0,0,0,180,0,0,0,0,0,0,0,0,0,0,0,0,0,0,0,0,0,0,0,0,0,0,0,0,0,0,0,0,0,0,0,0,0,0,0,0,0,0,0,0,0,0,0,0,0,0,0,0,0,0,0,0,1671,1672,1673,1674,1675,1676,1677,1678,1679,1680,0,0,0,0,0,0,0,0,0,
0,0,0,0,0,0,0,0,0,0,0,173,0,0,0,0,0,0,180,0,0,0,0,0,0,0,0,0,0,0,0,0,0,0,0,0,0,0,0,0,0,233,0,0,0,0,0,0,240,0,0,0,0,0,0,0,0,0,0,0,0,0,0,0,0,0,0,0,0,0,0,0,0,0,0,0,0,0,0,0,0,0,0,0,0,0,0,0,0,0,0,0,0,0,0,0,0,0,0,0,0,0,0,0,0,0,0,0,0,0,0,0,0,0,0,0,0,0,0,0,
533,534,535,536,537,538,539,540,0,0,0,233,0,0,0,0,0,0,240,0,0,0,0,0,0,0,0,0,0,0,0,0,0,0,0,0,0,0,0,0,0,293,0,0,0,0,0,0,300,0,0,0,0,0,0,0,0,0,0,0,0,0,0,0,0,0,0,0,0,54,55,56,57,58,59,0,0,0,0,0,0,0,0,0,0,0,0,0,0,0,0,0,0,0,0,0,0,0,0,0,0,0,0,0,0,0,0,0,0,0,0,0,0,0,533,534,535,536,537,538,
593,594,595,596,597,598,599,600,0,0,0,293,0,0,0,0,0,0,300,0,0,0,0,0,0,0,0,0,0,0,0,0,0,0,0,0,0,0,0,0,0,353,0,0,0,0,0,0,360,0,0,0,0,0,0,0,0,0,0,0,0,0,0,0,0,0,0,0,113,114,115,116,117,118,119,120,0,0,0,0,0,0,0,0,0,0,0,0,0,0,0,0,0,0,0,0,0,0,0,0,0,0,0,0,0,0,0,0,0,0,0,0,0,0,593,594,595,596,597,598,
0,0,0,0,0,0,0,0,0,0,0,353,0,0,0,0,0,0,360,0,0,0,0,0,0,0,0,0,0,0,0,0,0,0,0,0,0,0,0,0,0,413,0,0,0,0,0,0,0,0,0,0,0,0,0,0,0,0,0,0,0,0,0,0,0,0,0,0,173,0,0,0,0,0,0,180,0,0,0,0,0,0,0,0,0,0,0,0,0,0,0,0,0,0,0,0,0,0,0,0,0,0,0,0,0,0,0,0,0,0,0,0,0,0,0,0,0,0,0,0,
0,0,0,0,0,0,0,0,0,0,0,0,0,0,0,0,0,0,0,0,0,0,0,0,0,0,0,0,0,0,0,0,0,0,0,0,0,0,0,0,0,0,0,0,0,0,0,0,0,0,0,0,0,0,53,54,55,56,57,58,59,60,0,0,0,0,0,0,233,0,0,0,0,0,0,240,0,0,0,0,0,0,0,0,0,0,0,0,0,0,0,0,0,0,0,0,0,0,0,0,0,0,0,0,0,0,0,0,0,0,0,0,0,0,0,0,0,0,0,0,
0,0,0,0,0,0,0,0,0,0,0,0,0,0,0,0,0,0,0,0,0,0,0,0,0,0,0,0,0,0,0,0,0,0,0,0,0,0,0,0,0,0,0,0,0,0,0,0,0,0,0,0,0,0,113,114,115,116,117,118,119,120,0,0,0,0,0,0,293,0,0,0,0,0,0,300,0,0,0,0,0,0,0,0,0,0,0,0,0,0,0,0,0,0,0,0,0,0,0,0,0,0,0,0,0,0,0,0,0,0,0,0,0,0,0,0,0,0,0,0,
0,0,0,0,0,0,0,0,0,0,0,0,0,0,0,0,0,0,0,0,0,0,0,0,0,0,0,0,0,0,0,0,0,0,0,0,0,0,0,0,0,0,0,0,0,0,0,0,0,0,0,0,0,0,173,0,0,0,0,0,0,180,0,0,0,0,0,0,353,0,0,0,0,0,0,360,0,0,0,1792,1793,1794,1795,1796,1797,1798,1799,0,0,0,0,0,0,0,0,0,0,0,0,0,0,0,0,0,0,0,0,0,0,0,0,0,0,0,0,0,0,0,0,0,
533,534,535,536,537,538,539,540,0,0,0,0,0,0,0,0,0,0,0,0,0,1792,1793,1794,1795,1796,1797,1798,1799,0,0,0,0,0,0,0,0,0,0,0,0,0,0,0,0,0,0,0,0,0,0,0,0,0,233,0,0,0,0,0,0,240,0,0,0,0,0,0,413,0,0,0,0,0,0,0,0,0,0,1852,1853,1854,1855,1856,1857,1858,1859,0,0,0,0,0,0,0,0,0,0,0,0,0,0,0,0,0,0,0,0,0,0,0,0,0,0,0,533,534,535,536,537,538,
593,594,595,596,597,598,599,600,0,0,0,0,0,0,0,0,0,0,0,0,0,1852,1853,1854,1855,1856,1857,1858,1859,0,0,0,0,0,0,0,0,0,0,0,0,0,0,0,0,0,0,0,0,0,0,0,0,0,293,0,0,0,0,0,0,300,0,0,0,0,0,0,0,0,0,0,0,0,0,0,0,0,0,1912,1913,1914,1915,1916,1917,1918,1919,0,0,0,0,0,0,0,0,0,0,0,0,0,0,0,0,0,0,0,0,0,0,0,0,0,0,0,593,594,595,596,597,598,
0,0,0,0,0,0,0,0,0,0,0,0,0,0,0,0,0,0,0,0,0,1912,1913,1914,1915,1916,1917,1918,1919,0,0,0,0,0,0,0,0,0,0,0,0,0,0,0,0,0,0,0,0,0,0,0,0,0,353,0,0,0,0,0,0,360,0,0,0,0,0,0,0,0,0,0,0,0,0,0,0,0,0,0,0,0,0,0,0,0,0,0,0,0,0,0,0,0,0,0,0,0,0,0,0,0,0,0,0,0,0,0,0,0,0,0,0,0,0,0,0,0,0,0,
0,0,0,0,0,0,0,0,0,0,0,0,0,0,0,0,0,0,0,0,0,0,0,0,0,0,0,0,0,0,0,0,0,0,0,0,0,0,0,0,0,0,0,0,0,0,0,0,0,0,0,0,0,0,0,0,0,0,0,0,0,0,0,0,0,0,0,0,0,0,0,0,0,0,0,0,0,0,0,0,0,0,0,0,0,0,0,0,0,0,0,0,0,0,0,0,0,0,0,0,0,0,0,0,0,0,0,0,0,0,0,0,0,0,0,0,0,0,0,0,
0,0,0,0,0,0,0,0,0,0,0,0,0,0,0,0,0,0,0,0,0,0,0,0,0,0,0,0,0,0,0,0,0,0,0,0,0,0,0,0,0,0,0,0,0,0,0,0,0,0,0,0,0,0,0,0,0,0,0,0,0,0,0,0,0,0,0,0,0,0,0,0,0,0,0,0,0,0,1585,0,0,0,0,0,0,0,0,1594,0,0,0,0,0,0,0,0,0,0,0,0,0,0,0,0,0,0,0,0,0,0,0,0,0,0,0,0,0,0,0,0,
0,0,0,0,0,0,0,0,0,0,0,0,0,0,0,0,0,0,0,0,1585,0,0,0,0,0,0,0,0,1594,0,0,0,0,0,0,0,0,0,0,0,0,0,0,0,0,0,0,0,0,0,0,0,0,0,0,0,0,0,0,0,0,0,0,0,0,0,0,0,0,0,0,0,0,0,0,0,0,1645,0,0,0,0,0,0,0,0,1654,0,0,0,0,0,0,0,0,0,0,0,0,0,0,0,0,0,0,0,0,0,0,0,0,0,0,0,0,0,0,0,0,
533,534,535,536,537,538,539,540,0,0,0,0,0,0,0,0,0,0,0,0,1645,0,0,0,0,0,0,0,0,1654,0,0,0,0,0,0,0,0,0,0,0,0,0,0,0,0,0,0,0,0,0,0,0,0,0,0,0,0,0,0,0,0,0,0,0,0,0,0,0,0,0,0,0,0,0,0,0,0,0,0,0,0,0,0,0,0,0,0,0,0,0,0,0,0,0,0,0,0,0,0,0,0,0,0,0,0,0,0,0,0,0,0,0,0,533,534,535,536,537,538,
593,594,595,596,597,598,599,600,0,0,0,0,0,0,0,0,0,0,0,0,0,0,0,0,0,0,0,0,0,0,0,0,0,0,0,0,0,0,0,0,0,0,0,0,0,0,0,0,0,0,0,0,0,0,0,0,0,0,0,0,0,0,0,0,0,0,0,0,0,0,0,0,0,0,0,0,0,0,0,0,0,0,0,0,0,0,0,0,0,0,0,0,0,0,0,0,0,0,0,0,0,0,0,0,0,0,0,0,0,0,0,0,0,0,593,594,595,596,597,598,
0,0,0,0,0,0,0,0,0,0,0,0,0,0,0,0,0,0,0,0,0,0,0,0,0,0,0,0,0,0,0,0,0,0,0,0,0,0,0,0,0,0,0,0,0,0,0,0,0,0,0,0,0,0,0,0,0,0,0,0,0,0,0,0,0,0,0,0,0,0,0,0,0,0,0,0,0,0,0,0,0,0,0,0,0,0,0,0,0,0,0,0,0,0,0,0,0,0,0,0,0,0,0,0,0,0,0,0,0,0,0,0,0,0,0,0,0,0,0,0,
0,0,0,0,0,0,0,0,0,0,0,0,0,0,0,0,0,0,0,0,0,0,0,0,0,0,0,0,0,0,0,0,0,0,0,0,0,0,0,0,0,0,0,0,0,0,0,0,0,0,0,0,0,0,0,0,0,0,0,0,0,0,0,0,0,0,0,0,0,0,0,0,0,0,0,0,0,0,0,0,0,0,0,0,0,0,0,0,0,0,0,0,0,0,0,0,0,0,0,0,0,0,0,0,0,0,0,0,0,0,0,0,0,0,0,0,0,0,0,0,
0,0,0,0,0,0,0,0,0,0,0,0,0,0,0,0,0,0,0,0,0,0,0,0,0,0,0,0,0,0,0,0,0,0,0,0,0,0,0,0,0,0,0,0,0,0,0,0,0,0,0,0,0,0,0,0,0,0,0,0,0,0,0,0,0,0,0,0,0,0,0,0,0,0,0,0,0,0,0,0,0,0,0,0,0,0,0,0,0,0,0,0,0,0,0,0,0,0,0,0,0,0,0,0,0,0,0,0,0,0,0,0,0,0,0,0,0,0,0,0,
0,0,0,0,0,0,0,0,0,0,0,0,0,0,0,0,0,0,0,0,0,0,0,0,0,0,0,0,0,0,0,0,0,0,0,0,0,0,0,0,0,0,0,0,0,0,0,0,0,0,0,0,0,0,0,0,0,0,0,0,0,0,0,0,0,0,0,0,0,0,0,0,0,0,0,0,0,0,0,0,0,0,0,0,0,0,0,0,0,0,0,0,0,0,0,0,0,0,0,0,0,0,0,0,0,0,0,0,0,0,0,0,0,0,0,0,0,0,0,0,
0,534,535,536,537,538,51,52,535,536,537,538,51,52,535,536,537,538,51,52,535,536,537,538,51,52,535,536,537,538,51,52,535,536,537,538,51,52,535,536,537,538,51,52,535,536,537,538,51,52,535,536,537,538,51,52,535,536,537,538,51,52,535,536,537,538,51,52,535,536,537,538,51,52,535,536,537,538,51,52,535,536,537,538,51,52,535,536,537,538,51,52,535,536,537,538,51,52,535,536,537,538,51,52,535,536,537,538,51,52,535,536,537,538,51,52,535,536,537,538,
593,594,595,596,597,598,111,112,595,596,597,598,111,112,595,596,597,598,111,112,595,596,597,598,111,112,595,596,597,598,111,112,595,596,597,598,111,112,595,596,597,598,111,112,595,596,597,598,111,112,595,596,597,598,111,112,595,596,597,598,111,112,595,596,597,598,111,112,595,596,597,598,111,112,595,596,597,598,111,112,595,596,597,598,111,112,595,596,597,598,111,112,595,596,597,598,111,112,595,596,597,598,111,112,595,596,597,598,111,112,595,596,597,598,111,112,595,596,597,598,
0,0,0,0,0,0,0,0,0,0,0,0,0,0,0,0,0,0,0,0,0,0,0,0,0,0,0,0,0,0,0,0,0,0,0,0,0,0,0,0,0,0,0,0,0,0,0,0,0,0,0,0,0,0,0,0,0,0,0,0,0,0,0,0,0,0,0,0,0,0,0,0,0,0,0,0,0,0,0,0,0,0,0,0,0,0,0,0,0,0,0,0,0,0,0,0,0,0,0,0,0,0,0,0,0,0,0,0,0,0,0,0,0,0,0,0,0,0,0,0,
0,0,0,0,0,0,0,0,0,0,0,0,0,0,0,0,0,0,0,0,0,0,0,0,0,0,0,0,0,0,0,0,0,0,0,0,0,0,0,0,0,0,0,0,0,0,0,0,0,0,0,0,0,0,0,0,0,0,0,0,0,0,0,0,0,0,0,0,0,0,0,0,0,0,0,0,0,0,0,0,0,0,0,0,0,0,0,0,0,0,0,0,0,0,0,0,0,0,0,0,0,0,0,0,0,0,0,0,0,0,0,0,0,0,0,0,0,0,0,0,
0,0,0,0,0,0,0,0,0,0,0,0,0,0,0,0,0,0,0,0,0,0,0,0,0,0,0,0,0,0,0,0,0,0,0,0,0,0,0,0,0,0,0,0,0,0,0,0,0,0,0,0,0,0,0,0,0,0,0,0,0,0,0,0,0,0,0,0,0,0,0,0,0,0,0,0,0,0,0,0,0,0,0,0,0,0,0,0,0,0,0,0,0,0,0,0,0,0,0,0,0,0,0,0,0,0,0,0,0,0,0,0,0,0,0,0,0,0,0,0,
0,0,0,0,0,0,0,0,0,0,0,0,0,0,0,0,0,0,0,0,0,0,0,0,0,0,0,0,0,0,0,0,0,0,0,0,0,0,0,0,0,0,0,0,0,0,0,0,0,0,0,0,0,0,0,0,0,0,0,0,0,0,0,0,0,0,0,0,0,0,0,0,0,0,0,0,0,0,0,0,0,0,0,0,0,0,0,0,0,0,0,0,0,0,0,0,0,0,0,0,0,0,0,0,0,0,0,0,0,0,0,0,0,0,0,0,0,0,0,0
